desc: I1 cache:         65536 B, 64 B, 2-way associative
desc: D1 cache:         16384 B, 64 B, 4-way associative
desc: LL cache:         12582912 B, 64 B, 192-way associative
cmd: ./um cat.um
events: Ir I1mr ILmr Dr D1mr DLmr Dw D1mw DLmw 
fl=/g/40/2017s/www/solutions/bitpack.c
fn=Bitpack_fitsu
36 80 0 0 0 0 0 0 0 0
66 80 1 1 0 0 0 0 0 0
67 40 0 0 0 0 0 0 0 0
70 80 1 1 0 0 0 0 0 0
71 40 0 0 40 0 0 0 0 0
fn=Bitpack_getu
20 8 0 0 0 0 0 0 0 0
21 4 0 0 0 0 0 0 0 0
22 4 0 0 0 0 0 0 0 0
24 12 0 0 0 0 0 0 0 0
32 8 0 0 0 0 0 0 0 0
33 4 0 0 0 0 0 0 0 0
34 4 0 0 0 0 0 0 0 0
36 12 0 0 0 0 0 0 0 0
86 28 1 1 0 0 0 16 0 0
87 4 0 0 0 0 0 0 0 0
88 8 0 0 0 0 0 0 0 0
90 24 0 0 0 0 0 0 0 0
92 24 1 1 20 0 0 0 0 0
fn=Bitpack_newu
20 80 0 0 0 0 0 0 0 0
21 40 0 0 0 0 0 0 0 0
22 40 0 0 0 0 0 0 0 0
24 140 0 0 0 0 0 0 0 0
32 80 0 0 0 0 0 0 0 0
33 40 0 0 0 0 0 0 0 0
34 40 0 0 0 0 0 0 0 0
36 210 0 0 0 0 0 0 0 0
97 360 2 2 0 0 0 200 0 0
98 40 0 0 0 0 0 0 0 0
99 80 0 0 0 0 0 0 0 0
100 200 0 0 0 0 0 40 0 0
102 40 0 0 0 0 0 0 0 0
103 120 1 1 0 0 0 0 0 0
104 120 0 0 0 0 0 0 0 0
105 240 0 0 240 0 0 0 0 0
fl=/h/medegw01/comp40/hw6submit/UMsegment.c
fn=UM_end_of_program
191 4 0 0 0 0 0 2 0 0
192 1 0 0 0 0 0 1 0 0
194 149 10 10 95 1 1 9 0 0
195 5 0 0 3 0 0 1 0 0
196 2 0 0 2 0 0 0 0 0
fn=UMsegment_Map
33 8 1 1 0 0 0 6 0 0
36 3 0 0 0 0 0 2 0 0
41 5 0 0 1 0 0 1 0 0
51 3 2 2 0 0 0 2 0 0
53 2 0 0 1 0 0 1 0 0
54 3 0 0 2 0 0 1 0 0
56 3 0 0 0 0 0 2 0 0
57 3 0 0 2 0 0 1 0 0
58 3 1 1 2 0 0 1 0 0
59 290 21 21 177 1 1 38 0 0
60 2 1 1 1 0 0 1 0 0
61 1 0 0 1 0 0 0 0 0
63 3 0 0 2 0 0 1 0 0
64 3 0 0 2 0 0 1 0 0
65 1 0 0 1 0 0 0 0 0
66 4 0 0 3 0 0 0 0 0
fn=UMsegment_load
122 12 1 1 0 0 0 8 0 0
123 12 0 0 6 0 0 2 0 0
124 4 0 0 4 0 0 0 0 0
fn=UMsegment_loadhelper
170 12 1 1 0 0 0 8 0 0
172 298 10 10 190 1 1 18 0 0
174 4 0 0 2 0 0 0 0 0
179 10 0 0 6 0 0 0 0 0
186 14 1 1 8 0 0 2 0 0
188 4 0 0 4 0 0 0 0 0
fl=/h/medegw01/comp40/hw6submit/Um_instructions.c
fn=input
95 3 1 1 0 0 0 1 0 0
96 3 0 0 1 1 0 1 0 0
fl=/h/medegw01/comp40/hw6submit/Um_main.c
fn=decodeAndExecute
78 10 0 0 0 0 0 8 0 0
80 6 1 1 1 0 0 2 0 0
82 2 0 0 1 0 0 0 0 0
83 6 0 0 1 0 0 2 0 0
84 6 0 0 1 0 0 2 0 0
85 6 1 1 1 0 0 2 0 0
87 7 0 0 3 1 0 0 0 0
123 6 2 2 2 0 0 1 0 0
fn=main
40 5 1 1 0 0 0 3 0 0
46 1 0 0 0 0 0 1 0 0
49 3 0 0 0 0 0 2 1 0
50 1 0 0 0 0 0 1 0 0
51 6 0 0 2 0 0 2 0 0
55 7 1 1 4 1 0 2 0 0
56 3 0 0 2 0 0 1 0 0
57 1 0 0 1 0 0 0 0 0
58 6 0 0 1 0 0 2 0 0
60 4 1 1 0 0 0 4 0 0
65 1 0 0 0 0 0 1 0 0
66 6 2 2 2 0 0 1 0 0
67 6 0 0 2 0 0 2 0 0
68 13 0 0 7 0 0 2 0 0
fl=/h/medegw01/comp40/hw6submit/read_from_file.c
fn=read_file
26 4 2 2 0 0 0 2 0 0
28 5 0 0 1 0 0 2 1 0
29 2 0 0 1 0 0 0 0 0
30 3 1 1 0 0 0 2 0 0
34 33 0 0 0 0 0 22 0 0
35 11 0 0 0 0 0 11 0 0
36 174 1 1 91 0 0 11 0 0
37 164 0 0 41 0 0 82 0 0
38 82 0 0 41 0 0 0 0 0
39 1 0 0 0 0 0 0 0 0
41 120 0 0 40 0 0 40 0 0
42 320 0 0 120 0 0 80 0 0
44 22 0 0 11 0 0 0 0 0
45 3 0 0 1 0 0 1 0 0
46 1 0 0 0 0 0 0 0 0
48 40 1 1 20 0 0 10 0 0
49 50 0 0 20 0 0 10 0 0
50 10 0 0 0 0 0 0 0 0
52 3 0 0 1 0 0 1 0 0
54 1 0 0 1 1 0 0 0 0
55 2 0 0 2 0 0 0 0 0
fn=store_word_in_seq
58 50 1 1 0 0 0 30 0 0
59 50 0 0 20 0 0 10 0 0
60 30 0 0 20 0 0 0 0 0
fl=/usr/src/debug////////glibc-2.17-c758a686/elf/../sysdeps/x86_64/dl-trampoline.S
fn=_dl_runtime_resolve
58 8 1 1 0 0 0 0 0 0
61 8 0 0 0 0 0 8 0 0
62 8 0 0 0 0 0 8 0 0
63 8 1 1 0 0 0 8 0 0
64 8 0 0 0 0 0 8 0 0
65 8 0 0 0 0 0 8 0 0
66 8 0 0 0 0 0 8 0 0
67 8 0 0 0 0 0 8 0 0
72 8 0 0 0 0 0 0 0 0
73 8 0 0 0 0 0 0 0 0
74 8 0 0 0 0 0 0 0 0
75 8 0 0 0 0 0 0 0 0
85 8 0 0 8 0 0 0 0 0
86 8 0 0 8 0 0 0 0 0
87 8 0 0 0 0 0 8 0 0
88 8 1 1 0 0 0 0 0 0
93 8 0 0 0 0 0 0 0 0
94 8 0 0 0 0 0 0 0 0
95 8 0 0 0 0 0 0 0 0
96 8 0 0 0 0 0 0 0 0
105 8 0 0 8 0 0 0 0 0
106 8 0 0 8 0 0 0 0 0
107 8 0 0 8 0 0 0 0 0
108 8 0 0 8 0 0 0 0 0
109 8 0 0 8 0 0 0 0 0
110 8 0 0 8 0 0 0 0 0
111 8 0 0 8 0 0 0 0 0
113 8 1 1 0 0 0 0 0 0
115 8 0 0 0 0 0 0 0 0
fl=/usr/src/debug////////glibc-2.17-c758a686/io/../sysdeps/unix/syscall-template.S
fn=__close_nocancel
81 5 1 1 1 0 0 0 0 0
fn=__open_nocancel
81 5 0 0 1 0 0 0 0 0
fn=__read_nocancel
81 12 1 1 2 0 0 0 0 0
fn=access
81 4 1 1 0 0 0 0 0 0
83 5 0 0 1 0 0 1 0 0
fn=close
81 16 0 0 0 0 0 0 0 0
82 4 0 0 4 0 0 0 0 0
fn=open
81 58 2 2 1 0 0 0 0 0
82 4 0 0 4 0 0 0 0 0
83 50 0 0 10 0 0 10 0 0
fn=read
81 18 2 2 3 0 0 0 0 0
82 3 0 0 3 0 0 0 0 0
fl=/usr/src/debug////////glibc-2.17-c758a686/math/../sysdeps/x86_64/fpu/multiarch/s_floor.S
fn=floor
25 1 1 1 1 0 0 0 0 0
26 1 0 0 0 0 0 0 0 0
27 1 1 1 1 0 0 0 0 0
28 1 0 0 0 0 0 0 0 0
30 1 0 0 1 0 0 0 0 0
fl=/usr/src/debug////////glibc-2.17-c758a686/math/../sysdeps/x86_64/fpu/multiarch/s_floorf.S
fn=floorf
25 1 1 1 1 0 0 0 0 0
26 1 0 0 0 0 0 0 0 0
27 1 0 0 1 0 0 0 0 0
28 1 0 0 0 0 0 0 0 0
30 1 0 0 1 0 0 0 0 0
fl=/usr/src/debug////////glibc-2.17-c758a686/math/../sysdeps/x86_64/fpu/multiarch/s_rint.S
fn=rint
25 1 1 1 1 0 0 0 0 0
26 1 0 0 0 0 0 0 0 0
27 1 0 0 1 0 0 0 0 0
28 1 0 0 0 0 0 0 0 0
30 1 0 0 1 0 0 0 0 0
fl=/usr/src/debug////////glibc-2.17-c758a686/math/../sysdeps/x86_64/fpu/multiarch/s_rintf.S
fn=rintf
25 1 1 1 1 0 0 0 0 0
26 1 0 0 0 0 0 0 0 0
27 1 1 1 1 0 0 0 0 0
28 1 0 0 0 0 0 0 0 0
30 1 0 0 1 0 0 0 0 0
fl=/usr/src/debug////////glibc-2.17-c758a686/misc/../sysdeps/unix/syscall-template.S
fn=mprotect
81 32 1 1 0 0 0 0 0 0
82 8 0 0 8 0 0 0 0 0
fn=munmap
81 8 2 2 0 0 0 0 0 0
82 2 0 0 2 0 0 0 0 0
fl=/usr/src/debug////////glibc-2.17-c758a686/posix/../sysdeps/unix/syscall-template.S
fn=uname
81 4 1 1 0 0 0 0 0 0
82 1 0 0 1 0 0 0 0 0
fl=/usr/src/debug////////glibc-2.17-c758a686/setjmp/../sysdeps/x86_64/bsd-_setjmp.S
fn=_setjmp
33 1 1 1 0 0 0 0 0 0
35 1 0 0 0 0 0 0 0 0
fl=/usr/src/debug////////glibc-2.17-c758a686/setjmp/../sysdeps/x86_64/setjmp.S
fn=__sigsetjmp
26 7 2 2 0 0 0 7 1 1
35 7 0 0 0 0 0 0 0 0
36 14 0 0 7 0 0 0 0 0
37 7 0 0 0 0 0 7 1 1
41 7 0 0 0 0 0 7 0 0
42 7 0 0 0 0 0 7 0 0
43 7 0 0 0 0 0 7 0 0
44 7 0 0 0 0 0 7 0 0
45 7 0 0 0 0 0 0 0 0
47 14 1 1 7 0 0 0 0 0
49 7 0 0 0 0 0 7 0 0
50 7 1 1 7 0 0 0 0 0
51 7 0 0 0 0 0 0 0 0
53 14 0 0 7 0 0 0 0 0
55 7 0 0 0 0 0 7 1 1
59 6 0 0 0 0 0 0 0 0
60 6 0 0 6 0 0 0 0 0
64 1 0 0 0 0 0 0 0 0
fl=/usr/src/debug////////glibc-2.17-c758a686/string/../sysdeps/x86_64/memcpy.S
fn=memcpy
61 19 1 1 0 0 0 0 0 0
63 19 0 0 0 0 0 0 0 0
65 19 0 0 0 0 0 0 0 0
68 19 0 0 0 0 0 0 0 0
69 19 0 0 0 0 0 0 0 0
71 6 1 1 6 0 0 0 0 0
72 6 0 0 0 0 0 6 1 1
74 6 0 0 0 0 0 0 0 0
75 6 0 0 0 0 0 0 0 0
80 19 0 0 0 0 0 0 0 0
81 19 0 0 0 0 0 0 0 0
83 2 0 0 2 0 0 0 0 0
84 2 0 0 0 0 0 2 2 2
86 2 0 0 0 0 0 0 0 0
87 4 0 0 0 0 0 0 0 0
92 19 0 0 0 0 0 0 0 0
93 19 0 0 0 0 0 0 0 0
95 3 0 0 3 0 0 0 0 0
96 3 0 0 0 0 0 3 0 0
98 3 0 0 0 0 0 0 0 0
99 3 0 0 0 0 0 0 0 0
104 19 0 0 0 0 0 0 0 0
105 19 0 0 0 0 0 0 0 0
107 9 0 0 9 1 0 0 0 0
108 9 0 0 0 0 0 9 2 2
110 9 0 0 0 0 0 0 0 0
111 9 0 0 0 0 0 0 0 0
116 19 1 1 0 0 0 0 0 0
117 28 0 0 0 0 0 0 0 0
122 9 0 0 9 0 0 0 0 0
123 9 0 0 9 0 0 0 0 0
124 9 0 0 0 0 0 9 1 1
125 9 0 0 0 0 0 9 0 0
127 9 0 0 0 0 0 0 0 0
129 9 0 0 0 0 0 0 0 0
130 9 0 0 0 0 0 0 0 0
132 9 0 0 0 0 0 0 0 0
140 19 0 0 19 0 0 0 0 0
148 4 0 0 0 0 0 4 0 0
154 4 0 0 0 0 0 0 0 0
156 4 0 0 0 0 0 0 0 0
157 4 0 0 0 0 0 0 0 0
160 1 1 1 0 0 0 0 0 0
161 3 0 0 0 0 0 0 0 0
166 3 0 0 3 0 0 0 0 0
167 3 0 0 0 0 0 3 0 0
169 3 0 0 0 0 0 0 0 0
171 3 0 0 0 0 0 0 0 0
172 3 0 0 0 0 0 0 0 0
174 5 0 0 0 0 0 0 0 0
183 4 0 0 0 0 0 0 0 0
184 4 0 0 0 0 0 0 0 0
187 4 0 0 0 0 0 0 0 0
188 4 0 0 0 0 0 0 0 0
189 4 0 0 0 0 0 0 0 0
194 4 1 1 0 0 0 0 0 0
196 4 0 0 4 0 0 0 0 0
197 4 0 0 4 0 0 0 0 0
198 4 0 0 4 0 0 0 0 0
199 4 0 0 4 0 0 0 0 0
201 4 0 0 0 0 0 4 1 1
202 4 0 0 0 0 0 4 0 0
203 4 0 0 0 0 0 4 0 0
204 4 0 0 0 0 0 4 1 1
206 4 0 0 0 0 0 0 0 0
207 4 0 0 0 0 0 0 0 0
209 4 0 0 0 0 0 0 0 0
211 3 0 0 0 0 0 0 0 0
213 3 0 0 3 0 0 0 0 0
214 3 0 0 3 0 0 0 0 0
215 3 0 0 3 0 0 0 0 0
216 3 0 0 3 0 0 0 0 0
218 3 0 0 0 0 0 3 0 0
219 3 1 1 0 0 0 3 0 0
220 3 0 0 0 0 0 3 0 0
221 3 0 0 0 0 0 3 1 1
223 3 0 0 0 0 0 0 0 0
224 3 0 0 0 0 0 0 0 0
226 9 0 0 0 0 0 0 0 0
231 4 0 0 0 0 0 0 0 0
237 4 0 0 4 0 0 0 0 0
238 4 0 0 0 0 0 0 0 0
fn=mempcpy
61 32 2 1 0 0 0 0 0 0
65 32 0 0 0 0 0 0 0 0
68 32 0 0 0 0 0 0 0 0
69 32 0 0 0 0 0 0 0 0
71 13 0 0 13 3 1 0 0 0
72 13 0 0 0 0 0 13 3 3
74 13 0 0 0 0 0 0 0 0
75 13 0 0 0 0 0 0 0 0
80 32 0 0 0 0 0 0 0 0
81 32 0 0 0 0 0 0 0 0
83 19 0 0 19 0 0 0 0 0
84 19 0 0 0 0 0 19 0 0
86 19 0 0 0 0 0 0 0 0
87 19 0 0 0 0 0 0 0 0
92 32 0 0 0 0 0 0 0 0
93 32 0 0 0 0 0 0 0 0
95 12 0 0 12 0 0 0 0 0
96 12 0 0 0 0 0 12 0 0
98 12 0 0 0 0 0 0 0 0
99 12 0 0 0 0 0 0 0 0
104 32 0 0 0 0 0 0 0 0
105 32 0 0 0 0 0 0 0 0
107 18 0 0 18 0 0 0 0 0
108 18 0 0 0 0 0 18 0 0
110 18 0 0 0 0 0 0 0 0
111 36 0 0 0 0 0 0 0 0
116 32 2 1 0 0 0 0 0 0
117 35 0 0 0 0 0 0 0 0
122 3 0 0 3 1 0 0 0 0
123 3 0 0 3 0 0 0 0 0
124 3 0 0 0 0 0 3 1 1
125 3 0 0 0 0 0 3 0 0
127 3 0 0 0 0 0 0 0 0
129 3 0 0 0 0 0 0 0 0
130 3 0 0 0 0 0 0 0 0
132 3 0 0 0 0 0 0 0 0
138 32 0 0 0 0 0 0 0 0
142 32 0 0 32 0 0 0 0 0
154 1 1 1 0 0 0 0 0 0
156 1 0 0 0 0 0 0 0 0
157 1 0 0 0 0 0 0 0 0
183 1 0 0 0 0 0 0 0 0
184 1 0 0 0 0 0 0 0 0
187 1 0 0 0 0 0 0 0 0
188 1 0 0 0 0 0 0 0 0
189 1 0 0 0 0 0 0 0 0
194 1 1 1 0 0 0 0 0 0
196 1 0 0 1 0 0 0 0 0
197 1 0 0 1 0 0 0 0 0
198 1 0 0 1 0 0 0 0 0
199 1 0 0 1 0 0 0 0 0
201 1 0 0 0 0 0 1 0 0
202 1 0 0 0 0 0 1 0 0
203 1 0 0 0 0 0 1 0 0
204 1 0 0 0 0 0 1 0 0
206 1 0 0 0 0 0 0 0 0
207 1 0 0 0 0 0 0 0 0
209 1 0 0 0 0 0 0 0 0
211 1 0 0 0 0 0 0 0 0
213 1 0 0 1 0 0 0 0 0
214 1 0 0 1 0 0 0 0 0
215 1 0 0 1 0 0 0 0 0
216 1 0 0 1 0 0 0 0 0
218 1 0 0 0 0 0 1 0 0
219 1 1 1 0 0 0 1 0 0
220 1 0 0 0 0 0 1 1 1
221 1 0 0 0 0 0 1 0 0
223 1 0 0 0 0 0 0 0 0
224 1 0 0 0 0 0 0 0 0
226 3 0 0 0 0 0 0 0 0
231 1 0 0 0 0 0 0 0 0
233 1 0 0 0 0 0 0 0 0
fl=/usr/src/debug////////glibc-2.17-c758a686/string/../sysdeps/x86_64/memset.S
fn=__GI_memset
57 3 1 1 0 0 0 0 0 0
58 3 0 0 0 0 0 0 0 0
59 3 0 0 0 0 0 0 0 0
60 3 0 0 0 0 0 0 0 0
61 3 0 0 0 0 0 0 0 0
63 3 0 0 0 0 0 0 0 0
64 3 0 0 0 0 0 0 0 0
65 2 0 0 0 0 0 0 0 0
66 2 0 0 0 0 0 0 0 0
67 2 0 0 0 0 0 0 0 0
68 2 0 0 0 0 0 2 0 0
69 2 0 0 0 0 0 2 0 0
70 2 0 0 0 0 0 0 0 0
72 1 0 0 1 0 0 0 0 0
77 1 1 1 0 0 0 1 0 0
78 1 0 0 0 0 0 1 0 0
79 1 0 0 1 0 0 0 0 0
82 1 0 0 0 0 0 0 0 0
83 1 0 0 0 0 0 1 0 0
84 1 0 0 0 0 0 0 0 0
85 1 0 0 0 0 0 1 0 0
86 1 0 0 0 0 0 1 0 0
87 1 0 0 0 0 0 1 1 1
88 1 0 0 0 0 0 1 0 0
89 1 0 0 0 0 0 1 0 0
90 1 1 1 0 0 0 1 1 1
91 1 0 0 0 0 0 1 0 0
92 1 0 0 0 0 0 0 0 0
93 1 0 0 0 0 0 0 0 0
94 1 0 0 0 0 0 0 0 0
95 2 0 0 0 0 0 0 0 0
98 7 0 0 0 0 0 7 5 5
99 7 0 0 0 0 0 7 0 0
100 7 0 0 0 0 0 7 0 0
101 7 0 0 0 0 0 7 0 0
102 7 0 0 0 0 0 0 0 0
103 7 0 0 0 0 0 0 0 0
104 7 0 0 0 0 0 0 0 0
105 1 1 1 1 0 0 0 0 0
fl=/usr/src/debug////////glibc-2.17-c758a686/string/../sysdeps/x86_64/multiarch/memset.S
fn=memset
27 2 1 1 2 0 0 0 0 0
28 2 0 0 0 0 0 0 0 0
29 2 0 0 2 1 0 0 0 0
30 2 0 0 0 0 0 0 0 0
31 2 1 1 0 0 0 0 0 0
33 2 0 0 2 0 0 0 0 0
34 2 0 0 0 0 0 0 0 0
39 2 0 0 2 0 0 0 0 0
fl=/usr/src/debug////////glibc-2.17-c758a686/string/../sysdeps/x86_64/multiarch/strcmp.S
fn=strcasecmp
100 1 1 1 1 1 0 0 0 0
102 1 0 0 0 0 0 0 0 0
103 1 0 0 1 1 0 0 0 0
104 1 0 0 0 0 0 0 0 0
113 1 1 1 1 0 0 0 0 0
fn=strncasecmp
120 1 1 1 1 0 0 0 0 0
122 1 0 0 0 0 0 0 0 0
123 1 0 0 1 0 0 0 0 0
124 1 0 0 0 0 0 0 0 0
133 1 1 1 1 0 0 0 0 0
fl=/usr/src/debug////////glibc-2.17-c758a686/string/../sysdeps/x86_64/multiarch/strnlen.S
fn=strnlen
30 1 1 1 1 0 0 0 0 0
31 1 0 0 0 0 0 0 0 0
32 1 0 0 1 0 0 0 0 0
33 1 0 0 0 0 0 0 0 0
35 1 0 0 1 0 0 0 0 0
fl=/usr/src/debug////////glibc-2.17-c758a686/string/../sysdeps/x86_64/rtld-memset.S
fn=memset
30 8 2 1 0 0 0 0 0 0
31 8 0 0 0 0 0 0 0 0
32 8 0 0 0 0 0 0 0 0
33 2130 0 0 0 0 0 2122 36 36
34 8 0 0 0 0 0 0 0 0
35 8 0 0 8 0 0 0 0 0
fl=/usr/src/debug////////glibc-2.17-c758a686/string/../sysdeps/x86_64/rtld-strchr.S
fn=index
40 10 1 1 0 0 0 0 0 0
41 10 0 0 0 0 0 0 0 0
42 10 0 0 0 0 0 0 0 0
43 10 0 0 0 0 0 0 0 0
44 7 0 0 0 0 0 0 0 0
45 7 0 0 0 0 0 0 0 0
48 34 0 0 34 3 3 0 0 0
49 34 0 0 0 0 0 0 0 0
50 34 0 0 0 0 0 0 0 0
51 34 0 0 0 0 0 0 0 0
52 34 1 1 0 0 0 0 0 0
53 34 0 0 0 0 0 0 0 0
54 34 0 0 0 0 0 0 0 0
55 34 0 0 0 0 0 0 0 0
64 10 0 0 0 0 0 0 0 0
65 10 0 0 0 0 0 0 0 0
66 10 0 0 0 0 0 0 0 0
68 20 0 0 0 0 0 0 0 0
100 12 0 0 12 1 1 0 0 0
101 12 0 0 0 0 0 0 0 0
102 12 0 0 0 0 0 0 0 0
103 12 0 0 0 0 0 0 0 0
105 12 0 0 0 0 0 0 0 0
108 12 1 1 0 0 0 0 0 0
109 12 0 0 0 0 0 0 0 0
110 12 0 0 0 0 0 0 0 0
111 12 0 0 0 0 0 0 0 0
113 12 0 0 0 0 0 0 0 0
118 11 0 0 0 0 0 0 0 0
119 11 0 0 0 0 0 0 0 0
120 11 0 0 0 0 0 0 0 0
123 11 0 0 0 0 0 0 0 0
124 10 0 0 0 0 0 0 0 0
125 10 0 0 0 0 0 0 0 0
126 10 0 0 0 0 0 0 0 0
128 10 0 0 0 0 0 0 0 0
131 6 0 0 6 0 0 0 0 0
132 6 0 0 0 0 0 0 0 0
133 6 0 0 0 0 0 0 0 0
134 6 0 0 0 0 0 0 0 0
136 6 1 1 0 0 0 0 0 0
139 6 0 0 0 0 0 0 0 0
140 6 0 0 0 0 0 0 0 0
141 6 0 0 0 0 0 0 0 0
142 6 0 0 0 0 0 0 0 0
144 6 0 0 0 0 0 0 0 0
149 6 0 0 0 0 0 0 0 0
150 6 0 0 0 0 0 0 0 0
151 6 0 0 0 0 0 0 0 0
154 6 0 0 0 0 0 0 0 0
155 6 0 0 0 0 0 0 0 0
156 6 0 0 0 0 0 0 0 0
157 6 0 0 0 0 0 0 0 0
159 6 0 0 0 0 0 0 0 0
161 4 0 0 4 0 0 0 0 0
162 4 0 0 0 0 0 0 0 0
163 4 0 0 0 0 0 0 0 0
164 4 0 0 0 0 0 0 0 0
166 4 0 0 0 0 0 0 0 0
169 4 0 0 0 0 0 0 0 0
170 4 1 1 0 0 0 0 0 0
171 4 0 0 0 0 0 0 0 0
172 4 0 0 0 0 0 0 0 0
174 4 0 0 0 0 0 0 0 0
179 4 0 0 0 0 0 0 0 0
180 4 0 0 0 0 0 0 0 0
181 4 0 0 0 0 0 0 0 0
184 4 0 0 0 0 0 0 0 0
185 4 0 0 0 0 0 0 0 0
186 4 0 0 0 0 0 0 0 0
187 4 0 0 0 0 0 0 0 0
189 4 0 0 0 0 0 0 0 0
191 2 0 0 2 0 0 0 0 0
192 2 0 0 0 0 0 0 0 0
193 2 0 0 0 0 0 0 0 0
194 2 0 0 0 0 0 0 0 0
196 2 0 0 0 0 0 0 0 0
199 2 0 0 0 0 0 0 0 0
200 2 0 0 0 0 0 0 0 0
201 2 0 0 0 0 0 0 0 0
202 2 0 0 0 0 0 0 0 0
204 2 0 0 0 0 0 0 0 0
209 2 0 0 0 0 0 0 0 0
210 2 0 0 0 0 0 0 0 0
211 2 0 0 0 0 0 0 0 0
214 2 0 0 0 0 0 0 0 0
215 2 0 0 0 0 0 0 0 0
216 2 0 0 0 0 0 0 0 0
217 2 0 0 0 0 0 0 0 0
219 2 0 0 0 0 0 0 0 0
223 9 1 1 0 0 0 0 0 0
224 9 0 0 9 0 0 0 0 0
235 1 0 0 0 0 0 0 0 0
236 1 0 0 0 0 0 0 0 0
237 1 0 0 0 0 0 0 0 0
238 1 0 0 0 0 0 0 0 0
285 1 0 0 0 0 0 0 0 0
286 1 0 0 1 0 0 0 0 0
fl=/usr/src/debug////////glibc-2.17-c758a686/string/../sysdeps/x86_64/rtld-strlen.S
fn=strlen
28 19 1 1 0 0 0 0 0 0
29 19 0 0 0 0 0 0 0 0
30 19 0 0 0 0 0 0 0 0
31 19 0 0 0 0 0 0 0 0
33 11 0 0 0 0 0 0 0 0
34 11 0 0 0 0 0 0 0 0
36 39 0 0 39 0 0 0 0 0
37 39 0 0 0 0 0 0 0 0
38 38 0 0 0 0 0 0 0 0
39 38 0 0 0 0 0 0 0 0
40 38 0 0 0 0 0 0 0 0
42 36 0 0 0 0 0 0 0 0
47 26 1 1 26 0 0 0 0 0
48 26 0 0 0 0 0 0 0 0
49 26 0 0 0 0 0 0 0 0
50 26 0 0 0 0 0 0 0 0
53 26 0 0 0 0 0 0 0 0
54 22 0 0 0 0 0 0 0 0
55 22 0 0 0 0 0 0 0 0
56 22 0 0 0 0 0 0 0 0
58 22 0 0 0 0 0 0 0 0
61 17 0 0 17 0 0 0 0 0
62 17 0 0 0 0 0 0 0 0
63 17 0 0 0 0 0 0 0 0
64 17 0 0 0 0 0 0 0 0
67 17 0 0 0 0 0 0 0 0
68 15 0 0 0 0 0 0 0 0
69 15 0 0 0 0 0 0 0 0
70 15 0 0 0 0 0 0 0 0
72 15 0 0 0 0 0 0 0 0
75 13 0 0 13 0 0 0 0 0
76 13 0 0 0 0 0 0 0 0
77 13 0 0 0 0 0 0 0 0
78 13 0 0 0 0 0 0 0 0
81 13 0 0 0 0 0 0 0 0
82 9 0 0 0 0 0 0 0 0
83 9 0 0 0 0 0 0 0 0
84 9 0 0 0 0 0 0 0 0
86 9 0 0 0 0 0 0 0 0
89 8 0 0 8 0 0 0 0 0
90 8 0 0 0 0 0 0 0 0
91 8 0 0 0 0 0 0 0 0
92 8 0 0 0 0 0 0 0 0
95 8 0 0 0 0 0 0 0 0
96 8 0 0 0 0 0 0 0 0
97 8 0 0 0 0 0 0 0 0
98 8 0 0 0 0 0 0 0 0
100 8 0 0 0 0 0 0 0 0
103 18 1 1 0 0 0 0 0 0
105 18 0 0 0 0 0 0 0 0
106 18 0 0 0 0 0 0 0 0
107 13 0 0 0 0 0 0 0 0
109 13 0 0 0 0 0 0 0 0
110 13 0 0 0 0 0 0 0 0
111 13 1 1 0 0 0 0 0 0
113 13 0 0 0 0 0 0 0 0
114 13 0 0 0 0 0 0 0 0
115 11 0 0 0 0 0 0 0 0
117 11 0 0 0 0 0 0 0 0
118 11 0 0 0 0 0 0 0 0
119 7 0 0 0 0 0 0 0 0
121 7 0 0 0 0 0 0 0 0
123 7 0 0 0 0 0 0 0 0
124 7 0 0 0 0 0 0 0 0
125 5 0 0 0 0 0 0 0 0
127 5 0 0 0 0 0 0 0 0
128 5 0 0 0 0 0 0 0 0
129 3 0 0 0 0 0 0 0 0
131 3 0 0 0 0 0 0 0 0
132 3 0 0 0 0 0 0 0 0
133 1 0 0 0 0 0 0 0 0
135 19 0 0 0 0 0 0 0 0
136 19 0 0 19 0 0 0 0 0
fl=/usr/src/debug////////glibc-2.17-c758a686/string/../sysdeps/x86_64/strcmp.S
fn=strcmp
134 2492 1 1 2492 59 18 0 0 0
135 2492 0 0 2492 43 6 0 0 0
136 2492 0 0 0 0 0 0 0 0
137 2003 0 0 0 0 0 0 0 0
138 2003 0 0 0 0 0 0 0 0
139 2003 0 0 0 0 0 0 0 0
140 2003 0 0 0 0 0 0 0 0
142 147 0 0 0 0 0 0 0 0
143 147 0 0 147 0 0 0 0 0
145 489 0 0 0 0 0 0 0 0
146 489 0 0 0 0 0 0 0 0
147 489 0 0 0 0 0 0 0 0
148 489 0 0 489 0 0 0 0 0
fl=/usr/src/debug////////glibc-2.17-c758a686/string/../sysdeps/x86_64/strrchr.S
fn=__GI_strrchr
25 1 1 1 0 0 0 0 0 0
26 1 0 0 0 0 0 0 0 0
27 1 0 0 0 0 0 0 0 0
28 1 0 0 0 0 0 0 0 0
29 1 1 1 0 0 0 0 0 0
30 1 0 0 0 0 0 0 0 0
31 1 0 0 0 0 0 0 0 0
32 1 0 0 1 1 0 0 0 0
33 1 0 0 0 0 0 0 0 0
34 1 0 0 0 0 0 0 0 0
35 1 0 0 0 0 0 0 0 0
36 1 0 0 0 0 0 0 0 0
37 1 0 0 0 0 0 0 0 0
38 1 0 0 0 0 0 0 0 0
39 1 0 0 0 0 0 0 0 0
40 1 0 0 0 0 0 0 0 0
41 1 0 0 0 0 0 0 0 0
42 1 0 0 0 0 0 0 0 0
43 1 0 0 0 0 0 0 0 0
44 1 0 0 0 0 0 0 0 0
45 1 0 0 0 0 0 0 0 0
46 1 0 0 0 0 0 0 0 0
47 1 0 0 0 0 0 0 0 0
49 1 0 0 1 0 0 0 0 0
50 1 1 1 0 0 0 0 0 0
51 1 0 0 0 0 0 0 0 0
52 1 0 0 0 0 0 0 0 0
53 1 0 0 0 0 0 0 0 0
54 1 0 0 0 0 0 0 0 0
55 1 0 0 0 0 0 0 0 0
56 1 0 0 0 0 0 0 0 0
57 1 0 0 0 0 0 0 0 0
58 1 0 0 0 0 0 0 0 0
60 1 0 0 0 0 0 0 0 0
61 1 0 0 0 0 0 0 0 0
62 1 0 0 0 0 0 0 0 0
63 1 0 0 0 0 0 0 0 0
70 1 0 0 0 0 0 0 0 0
71 1 1 1 0 0 0 0 0 0
72 1 0 0 0 0 0 0 0 0
73 1 0 0 0 0 0 0 0 0
74 1 0 0 0 0 0 0 0 0
75 1 0 0 0 0 0 0 0 0
76 1 0 0 1 0 0 0 0 0
fl=/usr/src/debug/glibc-2.17-c758a686/csu/../csu/init-first.c
fn=_init
52 8 1 1 0 0 0 4 0 0
58 7 1 1 2 1 0 1 1 1
67 5 1 1 4 2 0 0 0 0
73 1 0 0 0 0 0 1 1 1
74 1 0 0 0 0 0 1 0 0
75 2 0 0 1 1 0 1 1 1
89 4 0 0 0 0 0 1 0 0
97 1 0 0 0 0 0 1 0 0
102 6 0 0 5 0 0 0 0 0
fl=/usr/src/debug/glibc-2.17-c758a686/csu/../csu/libc-start.c
fn=(below main)
134 10 1 1 0 0 0 8 0 0
144 9 0 0 2 0 0 1 0 0
206 2 1 1 0 0 0 0 0 0
207 4 0 0 0 0 0 1 0 0
229 6 0 0 2 0 0 0 0 0
232 2 0 0 0 0 0 0 0 0
233 5 1 1 4 0 0 1 0 0
237 4 0 0 2 0 0 0 0 0
252 2 0 0 0 0 0 0 0 0
261 2 0 0 0 0 0 1 0 0
262 2 0 0 0 0 0 0 0 0
267 2 0 0 1 1 0 1 0 0
268 2 1 1 1 1 0 1 0 0
271 2 0 0 0 0 0 1 0 0
274 6 0 0 5 0 0 1 0 0
fl=/usr/src/debug/glibc-2.17-c758a686/csu/../sysdeps/unix/sysv/linux/x86_64/init-first.c
fn=_init
38 5 0 0 0 0 0 4 0 0
40 4 2 2 0 0 0 1 0 0
41 2 0 0 0 0 0 0 0 0
42 2 0 0 0 0 0 0 0 0
43 2 0 0 1 1 0 0 0 0
44 1 0 0 0 0 0 1 1 0
46 3 0 0 0 0 0 1 0 0
50 3 0 0 0 0 0 0 0 0
51 2 0 0 1 0 0 0 0 0
52 1 0 0 0 0 0 1 0 0
fl=/usr/src/debug/glibc-2.17-c758a686/ctype/ctype-info.c
fn=__ctype_init
32 7 1 1 5 4 0 1 0 0
34 4 0 0 2 1 0 1 0 0
36 5 1 1 3 1 0 1 0 0
fl=/usr/src/debug/glibc-2.17-c758a686/elf/../elf/dl-runtime.c
fn=_dl_fixup
68 40 1 1 0 0 0 24 0 0
70 8 0 0 8 0 0 0 0 0
71 16 0 0 16 5 0 0 0 0
74 40 0 0 16 4 0 0 0 0
75 40 1 1 16 6 0 8 0 0
76 24 0 0 16 1 0 0 0 0
85 16 0 0 8 6 0 0 0 0
89 24 0 0 8 5 0 0 0 0
93 16 0 0 16 3 0 0 0 0
94 32 1 1 8 1 0 0 0 0
96 32 0 0 8 3 0 0 0 0
102 8 0 0 0 0 0 0 0 0
103 24 0 0 8 1 0 0 0 0
110 16 1 1 8 2 0 8 0 0
113 80 0 0 16 2 0 24 0 0
117 24 1 1 8 0 0 0 0 0
121 32 0 0 8 0 0 8 0 0
127 48 0 0 16 1 0 0 0 0
135 8 0 0 8 0 0 0 0 0
143 32 1 1 8 0 0 0 0 0
147 24 0 0 8 1 0 0 0 0
151 40 0 0 32 0 0 0 0 0
fl=/usr/src/debug/glibc-2.17-c758a686/elf/../elf/dl-sysdep.c
fn=_dl_sysdep_start
86 8 1 1 0 0 0 7 1 1
87 2 0 0 0 0 0 0 0 0
88 1 0 0 0 0 0 0 0 0
110 1 0 0 0 0 0 1 0 0
111 132 1 1 42 6 6 4 3 3
114 2 0 0 0 0 0 1 0 0
115 1 0 0 0 0 0 1 1 1
117 93 4 4 25 3 3 10 0 0
118 108 0 0 19 2 2 0 0 0
121 1 0 0 1 0 0 0 0 0
122 1 0 0 0 0 0 0 0 0
124 1 0 0 1 1 1 0 0 0
125 1 0 0 0 0 0 0 0 0
127 1 1 1 1 1 1 0 0 0
128 1 0 0 0 0 0 0 0 0
130 1 0 0 1 0 0 0 0 0
131 1 0 0 0 0 0 0 0 0
151 1 1 1 1 1 1 0 0 0
152 1 0 0 0 0 0 0 0 0
154 1 0 0 1 0 0 0 0 0
155 1 0 0 0 0 0 0 0 0
157 1 1 1 1 0 0 0 0 0
158 1 0 0 0 0 0 0 0 0
163 1 0 0 1 0 0 0 0 0
164 1 0 0 0 0 0 0 0 0
179 1 0 0 1 0 0 0 0 0
180 1 0 0 0 0 0 0 0 0
226 2 0 0 0 0 0 0 0 0
227 2 0 0 0 0 0 2 0 0
229 5 1 1 0 0 0 1 0 0
241 3 0 0 1 0 0 0 0 0
244 6 0 0 2 0 0 1 0 0
246 9 0 0 8 1 0 0 0 0
fn=_dl_sysdep_start_cleanup
251 1 1 1 1 0 0 0 0 0
fl=/usr/src/debug/glibc-2.17-c758a686/elf/../misc/sbrk.c
fn=sbrk
34 4 1 1 0 0 0 2 0 0
42 6 0 0 2 0 0 0 0 0
46 2 0 0 0 0 0 0 0 0
57 5 1 1 3 0 0 0 0 0
fl=/usr/src/debug/glibc-2.17-c758a686/elf/../sysdeps/generic/dl-hash.h
fn=do_lookup_x
31 115 0 0 115 0 0 0 0 0
32 690 1 1 115 0 0 0 0 0
34 230 0 0 0 0 0 0 0 0
35 345 0 0 115 0 0 0 0 0
37 230 0 0 0 0 0 0 0 0
38 345 0 0 115 0 0 0 0 0
40 230 0 0 0 0 0 0 0 0
41 345 0 0 115 0 0 0 0 0
43 214 0 0 0 0 0 0 0 0
44 107 0 0 0 0 0 0 0 0
45 3108 0 0 1036 0 0 0 0 0
48 2787 0 0 0 0 0 0 0 0
49 1858 0 0 0 0 0 0 0 0
62 1858 0 0 0 0 0 0 0 0
67 682 1 1 0 0 0 0 0 0
fl=/usr/src/debug/glibc-2.17-c758a686/elf/../sysdeps/unix/sysv/linux/dl-osinfo.h
fn=dl_main
86 2 0 0 1 1 0 0 0 0
112 1 0 0 1 0 0 0 0 0
fl=/usr/src/debug/glibc-2.17-c758a686/elf/../sysdeps/unix/sysv/linux/dl-sysdep.c
fn=_dl_discover_osversion
45 7 1 1 0 0 0 6 0 0
47 3 1 1 1 0 0 0 0 0
87 5 1 1 0 0 0 1 1 1
102 1 0 0 0 0 0 0 0 0
106 1 0 0 0 0 0 0 0 0
107 1 0 0 0 0 0 0 0 0
109 12 0 0 3 1 1 0 0 0
111 6 0 0 0 0 0 0 0 0
113 17 0 0 4 0 0 0 0 0
115 1 0 0 0 0 0 0 0 0
116 2 0 0 0 0 0 0 0 0
119 3 0 0 0 0 0 0 0 0
120 3 1 1 0 0 0 0 0 0
121 3 0 0 0 0 0 0 0 0
123 13 0 0 0 0 0 0 0 0
128 2 0 0 0 0 0 0 0 0
132 8 1 1 7 0 0 0 0 0
fn=_dl_sysdep_start
35 2 0 0 0 0 0 1 0 0
fl=/usr/src/debug/glibc-2.17-c758a686/elf/../sysdeps/unix/sysv/linux/dl-vdso.c
fn=_dl_vdso_vsym
26 4 0 0 0 0 0 0 0 0
27 8 1 1 8 2 0 0 0 0
28 8 1 1 4 0 0 0 0 0
31 8 0 0 0 0 0 0 0 0
fl=/usr/src/debug/glibc-2.17-c758a686/elf/../sysdeps/unix/sysv/linux/x86_64/brk.c
fn=brk
28 1 0 0 0 0 0 0 0 0
31 7 2 2 0 0 0 1 1 1
33 2 0 0 0 0 0 0 0 0
39 1 0 0 0 0 0 0 0 0
40 1 0 0 1 0 0 0 0 0
fl=/usr/src/debug/glibc-2.17-c758a686/elf/../sysdeps/x86/cpu-features.c
fn=_dl_sysdep_start
27 5 1 1 0 0 0 3 0 0
30 1 0 0 0 0 0 1 0 0
31 3 0 0 0 0 0 0 0 0
32 3 0 0 0 0 0 0 0 0
43 3 0 0 0 0 0 1 0 0
46 6 1 1 0 0 0 0 0 0
48 3 0 0 0 0 0 0 0 0
55 4 2 2 1 1 1 1 0 0
59 3 0 0 0 0 0 0 0 0
60 2 0 0 0 0 0 0 0 0
65 2 0 0 0 0 0 0 0 0
68 1 0 0 0 0 0 0 0 0
69 8 0 0 1 1 1 0 0 0
104 2 2 2 0 0 0 0 0 0
126 3 0 0 0 0 0 1 0 0
161 2 0 0 1 0 0 0 0 0
162 8 1 1 0 0 0 4 0 0
169 3 0 0 1 0 0 0 0 0
173 2 1 1 0 0 0 0 0 0
175 4 0 0 0 0 0 0 0 0
179 2 1 1 0 0 0 0 0 0
180 1 0 0 1 0 0 0 0 0
186 3 0 0 1 0 0 0 0 0
191 3 0 0 0 0 0 0 0 0
207 2 0 0 0 0 0 0 0 0
210 2 0 0 1 0 0 0 0 0
215 1 0 0 0 0 0 1 0 0
216 1 0 0 0 0 0 1 0 0
217 1 0 0 0 0 0 1 0 0
fl=/usr/src/debug/glibc-2.17-c758a686/elf/../sysdeps/x86_64/dl-irel.h
fn=_dl_fixup
32 3 1 1 0 0 0 1 0 0
fl=/usr/src/debug/glibc-2.17-c758a686/elf/../sysdeps/x86_64/dl-machine.h
fn=_dl_fixup
213 8 0 0 0 0 0 8 0 0
fn=_dl_relocate_object
72 20 0 0 5 0 0 0 0 0
78 6 0 0 6 3 0 0 0 0
82 9 1 1 3 3 2 0 0 0
88 3 0 0 0 0 0 3 0 0
96 9 0 0 3 0 0 0 0 0
109 6 0 0 0 0 0 3 0 0
112 12 0 0 3 3 1 0 0 0
247 244 0 0 0 0 0 0 0 0
268 244 1 1 0 0 0 0 0 0
272 244 1 1 0 0 0 0 0 0
279 4348 11 11 888 109 79 772 5 0
281 564 1 1 234 3 0 0 0 0
284 468 1 1 117 0 0 0 0 0
290 854 0 0 122 4 3 0 0 0
308 2 1 1 0 0 0 0 0 0
309 3 0 0 1 1 0 1 0 0
370 36 1 1 12 0 0 0 0 0
374 60 1 1 12 0 0 0 0 0
379 60 0 0 24 2 2 12 9 9
398 221 1 1 108 13 12 108 23 10
405 20 0 0 0 0 0 12 0 0
434 3 1 1 1 0 0 0 0 0
438 6 1 1 3 0 0 1 0 0
440 3 0 0 2 0 0 0 0 0
441 1 0 0 0 0 0 0 0 0
451 14 0 0 14 1 1 0 0 0
452 7 0 0 0 0 0 7 0 0
453 14 0 0 0 0 0 7 0 0
478 3588 1 1 2392 449 448 0 0 0
488 100 0 0 56 0 0 0 0 0
492 88 0 0 0 0 0 0 0 0
494 132 0 0 44 0 0 0 0 0
495 44 0 0 44 6 5 0 0 0
512 24 0 0 24 0 0 0 0 0
514 12 0 0 0 0 0 12 0 0
515 12 0 0 0 0 0 12 0 0
fn=_dl_start
59 3 0 0 1 1 1 0 0 0
244 8 0 0 0 0 0 0 0 0
272 16 1 1 0 0 0 0 0 0
281 32 0 0 16 2 2 0 0 0
284 32 0 0 8 5 5 0 0 0
290 49 0 0 8 1 1 0 0 0
379 8 1 1 8 1 1 0 0 0
388 8 1 1 0 0 0 8 1 1
478 40 1 1 20 4 4 10 2 2
fn=_dl_sysdep_start
201 5 0 0 2 1 1 0 0 0
fl=/usr/src/debug/glibc-2.17-c758a686/elf/dl-addr.c
fn=_dl_addr
30 2 1 1 1 0 0 1 0 0
31 1 0 0 0 0 0 1 0 0
34 2 0 0 1 0 0 0 0 0
38 1 0 0 1 0 0 0 0 0
39 1 1 1 1 0 0 0 0 0
40 3 0 0 2 0 0 1 0 0
42 2 0 0 2 0 0 0 0 0
45 2 0 0 1 1 0 0 0 0
50 2029 1 1 2 0 0 0 0 0
52 1011 0 0 1011 64 21 0 0 0
53 2022 0 0 0 0 0 0 0 0
55 4923 0 0 905 0 0 0 0 0
61 11040 1 1 2208 472 425 0 0 0
63 8832 0 0 2208 0 0 0 0 0
64 16176 0 0 5067 357 321 0 0 0
69 2208 0 0 0 0 0 0 0 0
71 7635 1 1 2208 137 80 0 0 0
99 3 1 1 1 1 0 0 0 0
100 1 0 0 0 0 0 1 1 0
101 3 0 0 1 0 0 0 0 0
104 2 0 0 0 0 0 0 0 0
116 1 1 1 0 0 0 1 1 0
117 1 0 0 0 0 0 1 0 0
126 11 1 1 0 0 0 8 0 0
131 3 1 1 2 1 0 1 0 0
134 6 0 0 2 0 0 0 0 0
135 13 1 1 4 1 0 0 0 0
136 20 1 1 8 2 0 0 0 0
137 2 0 0 1 0 0 0 0 0
140 2 1 1 0 0 0 0 0 0
145 3 0 0 2 2 0 1 0 0
148 9 0 0 7 0 0 0 0 0
fl=/usr/src/debug/glibc-2.17-c758a686/elf/dl-cache.c
fn=_dl_cache_libcmp
139 60 1 1 40 16 16 0 0 0
140 224 0 0 0 0 0 0 0 0
142 324 0 0 0 0 0 0 0 0
144 116 1 1 0 0 0 0 0 0
150 12 0 0 0 0 0 0 0 0
151 8 0 0 0 0 0 0 0 0
152 16 0 0 4 0 0 0 0 0
154 20 1 1 4 0 0 0 0 0
156 8 0 0 0 0 0 0 0 0
162 208 1 1 0 0 0 0 0 0
164 384 0 0 176 2 2 0 0 0
165 16 0 0 0 0 0 0 0 0
168 88 0 0 0 0 0 0 0 0
169 88 0 0 0 0 0 0 0 0
172 8 0 0 0 0 0 0 0 0
173 40 0 0 20 0 0 0 0 0
fn=_dl_load_cache_lookup
185 18 1 1 0 0 0 12 0 0
193 4 0 0 2 0 0 0 0 0
196 6 1 1 2 0 0 0 0 0
199 5 2 2 0 0 0 1 0 0
207 5 0 0 1 0 0 0 0 0
208 6 0 0 0 0 0 1 0 0
212 1 0 0 0 0 0 1 0 0
215 4 1 1 1 0 0 0 0 0
218 2 0 0 0 0 0 1 0 0
219 3 0 0 0 0 0 0 0 0
220 5 1 1 0 0 0 1 0 0
222 2 0 0 0 0 0 0 0 0
241 6 0 0 3 0 0 0 0 0
247 4 0 0 0 0 0 0 0 0
255 10 1 1 4 0 0 4 0 0
262 12 0 0 6 0 0 4 0 0
263 10 0 0 6 0 0 2 0 0
275 442 8 8 78 17 16 22 0 0
291 4 0 0 2 0 0 0 0 0
295 4 0 0 0 0 0 0 0 0
303 18 1 1 0 0 0 4 0 0
304 8 0 0 2 0 0 2 0 0
305 4 0 0 0 0 0 2 0 0
306 16 0 0 14 0 0 0 0 0
fn=_dl_unload_cache
315 1 0 0 0 0 0 0 0 0
316 4 1 1 1 1 0 0 0 0
318 2 0 0 1 1 0 1 0 0
319 1 1 1 0 0 0 1 0 0
321 2 0 0 1 0 0 0 0 0
fl=/usr/src/debug/glibc-2.17-c758a686/elf/dl-debug.c
fn=_dl_debug_initialize
51 10 1 1 0 0 0 0 0 0
52 5 1 1 5 0 0 0 0 0
56 18 0 0 5 2 1 0 0 0
59 1 0 0 0 0 0 1 0 0
60 2 0 0 0 0 0 1 0 0
61 6 0 0 2 0 0 1 0 0
62 2 0 0 0 0 0 1 0 0
fn=_dl_debug_state
75 2 0 0 2 0 0 0 0 0
fl=/usr/src/debug/glibc-2.17-c758a686/elf/dl-deps.c
fn=_dl_map_object_deps
147 11 2 2 0 0 0 9 1 0
148 9 0 0 0 0 0 1 0 0
162 6 0 0 0 0 0 2 0 0
163 2 1 1 0 0 0 2 0 0
164 10 0 0 0 0 0 3 0 0
166 1 0 0 0 0 0 0 0 0
170 8 1 1 2 0 0 2 0 0
180 8 0 0 1 0 0 0 0 0
181 1 0 0 1 0 0 0 0 0
184 3 0 0 0 0 0 2 0 0
190 1 0 0 0 0 0 1 0 0
191 1 0 0 0 0 0 1 0 0
203 2 1 1 1 0 0 1 0 0
204 1 0 0 0 0 0 0 0 0
205 1 0 0 0 0 0 1 0 0
206 2 1 1 0 0 0 2 0 0
211 5 0 0 0 0 0 0 0 0
212 5 0 0 0 0 0 0 0 0
215 5 0 0 0 0 0 5 0 0
219 20 2 2 10 2 1 0 0 0
220 22 0 0 9 1 0 0 0 0
222 3 0 0 0 0 0 0 0 0
224 9 1 1 6 0 0 0 0 0
226 26 1 1 2 0 0 4 0 0
231 18 0 0 9 1 0 0 0 0
233 9 0 0 6 1 0 3 0 0
238 3 0 0 0 0 0 3 0 0
239 3 0 0 0 0 0 3 0 0
240 6 0 0 3 0 0 3 0 0
241 6 0 0 3 0 0 3 0 0
244 337 1 1 88 12 0 3 0 0
245 158 1 1 0 0 0 0 0 0
251 35 0 0 10 0 0 5 1 0
253 5 0 0 0 0 0 5 0 0
256 30 1 1 20 0 0 5 0 0
258 15 0 0 5 0 0 0 0 0
273 5 0 0 5 0 0 0 0 0
275 10 0 0 5 0 0 0 0 0
280 9 0 0 0 0 0 0 0 0
283 3 0 0 0 0 0 3 0 0
284 3 0 0 0 0 0 3 0 0
285 3 0 0 0 0 0 3 0 0
286 6 0 0 3 2 0 3 0 0
288 12 1 1 3 0 0 3 0 0
290 15 1 1 3 0 0 6 0 0
294 10 0 0 0 0 0 0 0 0
295 9 0 0 0 0 0 3 1 0
297 222 1 1 0 0 0 0 0 0
347 9 0 0 0 0 0 4 0 0
475 10 0 0 0 0 0 0 0 0
477 9 0 0 0 0 0 3 0 0
479 6 0 0 0 0 0 3 0 0
480 6 1 1 0 0 0 0 0 0
481 6 0 0 0 0 0 0 0 0
484 3 0 0 0 0 0 3 1 1
485 18 0 0 0 0 0 3 0 0
486 15 0 0 0 0 0 3 0 0
489 3 0 0 0 0 0 3 0 0
490 3 0 0 3 0 0 0 0 0
494 20 1 1 10 0 0 0 0 0
496 5 0 0 5 0 0 0 0 0
497 22 1 1 4 0 0 0 0 0
501 6 0 0 2 0 0 0 0 0
502 2 0 0 1 0 0 1 0 0
505 6 1 1 2 0 0 1 0 0
515 2 0 0 0 0 0 1 0 0
516 3 0 0 1 0 0 0 0 0
518 2 1 1 0 0 0 0 0 0
523 9 0 0 3 0 0 1 0 0
524 1 0 0 0 0 0 1 0 0
526 29 1 1 11 0 0 1 0 0
532 15 0 0 5 0 0 5 1 1
536 10 0 0 10 0 0 0 0 0
539 2 0 0 1 0 0 0 0 0
592 4 1 1 2 0 0 0 0 0
628 9 2 2 3 0 0 2 0 0
630 3 0 0 0 0 0 0 0 0
634 19 1 1 8 0 0 3 0 0
635 8 1 1 0 0 0 2 0 0
636 3 1 1 1 0 0 1 0 0
640 4 0 0 4 0 0 0 0 0
641 8 0 0 4 0 0 0 0 0
647 27 0 0 4 0 0 0 0 0
649 24 1 1 12 0 0 0 0 0
650 15 0 0 0 0 0 0 0 0
652 30 0 0 10 0 0 0 0 0
653 21 0 0 0 0 0 0 0 0
663 2 1 1 2 0 0 0 0 0
675 6 0 0 0 0 0 0 0 0
678 12 0 0 4 0 0 0 0 0
681 51 1 1 13 0 0 13 0 0
688 2 0 0 1 0 0 1 0 0
690 2 0 0 1 0 0 1 0 0
691 1 0 0 1 0 0 0 0 0
699 3 1 1 1 0 0 0 0 0
702 2 0 0 0 0 0 0 0 0
705 8 0 0 7 0 0 0 0 0
fn=openaux
60 10 1 1 0 0 0 5 0 0
63 50 0 0 20 0 0 10 0 0
64 10 1 1 5 0 0 0 0 0
67 5 0 0 5 0 0 0 0 0
68 10 0 0 10 0 0 0 0 0
fl=/usr/src/debug/glibc-2.17-c758a686/elf/dl-environ.c
fn=_dl_next_ld_env_entry
30 3 1 1 3 0 0 0 0 0
31 1 0 0 0 0 0 0 0 0
33 125 0 0 41 0 0 0 0 0
35 80 0 0 40 19 19 0 0 0
36 18 0 0 8 0 0 0 0 0
38 2 0 0 0 0 0 0 0 0
41 4 0 0 0 0 0 2 0 0
43 2 0 0 2 0 0 0 0 0
46 38 0 0 0 0 0 0 0 0
50 1 0 0 1 0 0 0 0 0
fl=/usr/src/debug/glibc-2.17-c758a686/elf/dl-error.c
fn=_dl_catch_error
159 42 1 1 0 0 0 36 4 4
168 6 0 0 0 0 0 6 0 0
170 12 1 1 6 0 0 12 0 0
171 12 0 0 6 0 0 6 0 0
173 18 0 0 0 0 0 6 0 0
174 12 0 0 0 0 0 0 0 0
176 18 0 0 6 0 0 6 0 0
177 18 0 0 12 0 0 6 0 0
178 12 0 0 6 1 0 6 0 0
179 12 1 1 6 0 0 6 0 0
180 12 0 0 6 0 0 6 0 0
181 12 0 0 6 0 0 6 0 0
182 6 0 0 0 0 0 0 0 0
191 24 0 0 12 0 0 0 0 0
fn=_dl_receive_error
197 10 2 2 0 0 0 6 0 0
198 2 0 0 1 0 0 1 0 0
202 1 0 0 1 0 0 0 0 0
203 1 0 0 1 1 0 0 0 0
206 1 0 0 0 0 0 1 0 0
207 1 0 0 0 0 0 1 0 0
209 2 0 0 0 0 0 1 0 0
211 1 0 0 0 0 0 1 0 0
212 1 0 0 0 0 0 1 1 0
213 8 1 1 7 0 0 0 0 0
fl=/usr/src/debug/glibc-2.17-c758a686/elf/dl-hwcaps.c
fn=_dl_important_hwcaps
39 12 2 2 0 0 0 10 1 1
41 5 0 0 2 0 0 2 1 1
42 4 0 0 0 0 0 1 0 0
51 3 0 0 0 0 0 0 0 0
61 4 1 1 1 0 0 1 0 0
103 1 1 1 0 0 0 0 0 0
106 8 0 0 1 0 0 1 0 0
107 1 0 0 0 0 0 0 0 0
136 2 1 1 0 0 0 0 0 0
144 2 1 1 1 0 0 0 0 0
146 3 0 0 2 0 0 1 0 0
147 2 0 0 1 0 0 1 0 0
148 2 0 0 0 0 0 0 0 0
151 3 1 1 1 0 0 1 0 0
152 1 0 0 0 0 0 1 0 0
158 2 0 0 0 0 0 0 0 0
159 1 0 0 1 0 0 0 0 0
162 9 0 0 2 0 0 3 0 0
163 2 0 0 0 0 0 0 0 0
181 12 1 1 1 0 0 6 0 0
182 5 1 1 0 0 0 2 0 0
183 5 0 0 3 0 0 0 0 0
209 3 0 0 0 0 0 2 0 0
212 2 0 0 0 0 0 0 0 0
214 6 1 1 3 0 0 2 0 0
215 7 0 0 2 0 0 4 0 0
240 19 2 2 3 0 0 0 0 0
241 8 0 0 0 0 0 4 0 0
245 12 0 0 0 0 0 0 0 0
248 28 0 0 0 0 0 0 0 0
249 24 1 1 0 0 0 0 0 0
250 12 0 0 8 0 0 0 0 0
252 4 0 0 0 0 0 0 0 0
255 3 0 0 1 0 0 0 0 0
256 1 0 0 0 0 0 0 0 0
257 12 2 2 3 0 0 0 0 0
270 6 1 1 2 0 0 2 0 0
271 2 0 0 0 0 0 0 0 0
273 4 0 0 0 0 0 0 0 0
276 3 0 0 2 0 0 1 0 0
279 9 0 0 7 0 0 0 0 0
fl=/usr/src/debug/glibc-2.17-c758a686/elf/dl-init.c
fn=_dl_init
34 18 1 1 6 0 0 0 0 0
40 10 1 1 0 0 0 5 0 0
43 20 0 0 10 2 0 0 0 0
44 3 1 1 0 0 0 0 0 0
48 12 0 0 4 2 0 0 0 0
49 4 0 0 1 0 0 0 0 0
53 6 1 1 3 0 0 0 0 0
61 6 0 0 0 0 0 0 0 0
63 6 0 0 6 3 0 0 0 0
67 14 1 1 1 0 0 4 0 0
71 3 0 0 3 1 0 0 0 0
72 6 0 0 0 0 0 0 0 0
78 9 0 0 6 2 0 0 0 0
80 6 0 0 6 0 0 0 0 0
81 30 1 1 1 0 0 1 0 0
82 15 0 0 3 2 0 3 0 0
90 11 0 0 0 0 0 7 0 0
91 1 0 0 1 1 0 0 0 0
92 1 0 0 1 0 0 0 0 0
95 3 1 1 1 0 0 0 0 0
98 2 1 1 0 0 0 1 0 0
102 6 0 0 2 0 0 1 0 0
130 13 1 1 0 0 0 0 0 0
131 20 1 1 15 1 0 0 0 0
134 1 0 0 0 0 0 1 0 0
135 8 0 0 7 0 0 0 0 0
fl=/usr/src/debug/glibc-2.17-c758a686/elf/dl-load.c
fn=_dl_init_paths
710 9 2 2 0 0 0 6 0 0
725 6 0 0 2 0 0 2 0 0
729 1 0 0 0 0 0 1 0 0
730 3 0 0 0 0 0 1 0 0
731 2 0 0 0 0 0 0 0 0
738 5 1 1 0 0 0 0 0 0
739 2 0 0 1 0 0 0 0 0
742 1 0 0 0 0 0 1 0 0
743 5 0 0 0 0 0 1 0 0
745 2 0 0 0 0 0 0 0 0
751 1 0 0 0 0 0 1 0 0
752 1 1 1 0 0 0 1 0 0
760 1 0 0 0 0 0 1 0 0
762 4 0 0 0 0 0 2 1 1
763 2 0 0 0 0 0 2 1 1
765 11 1 1 0 0 0 2 0 0
766 5 0 0 0 0 0 2 0 0
771 14 3 3 0 0 0 0 0 0
772 21 1 1 0 0 0 6 1 1
774 4 1 1 0 0 0 2 0 0
780 1 0 0 0 0 0 1 1 1
781 1 0 0 0 0 0 1 0 0
785 1 1 1 1 0 0 0 0 0
786 2 0 0 0 0 0 0 0 0
790 3 0 0 1 0 0 0 0 0
804 1 0 0 0 0 0 1 0 0
806 3 1 1 1 0 0 0 0 0
817 2 1 1 0 0 0 1 0 0
822 4 1 1 1 0 0 0 0 0
830 5 1 1 0 0 0 1 0 0
832 11 0 0 0 0 0 2 0 0
848 2 0 0 0 0 0 0 0 0
849 85 1 1 28 0 0 0 0 0
851 27 0 0 0 0 0 0 0 0
852 81 0 0 0 0 0 0 0 0
853 27 0 0 0 0 0 0 0 0
856 1 0 0 0 0 0 1 0 0
857 1 0 0 0 0 0 1 0 0
858 2 1 1 0 0 0 0 0 0
864 7 0 0 1 0 0 1 0 0
868 3 0 0 2 0 0 0 0 0
874 1 1 1 0 0 0 1 0 0
878 8 0 0 7 0 0 0 0 0
fn=_dl_map_object
687 18 1 1 6 0 0 0 0 0
2094 78 2 2 0 0 0 48 4 4
2096 6 1 1 0 0 0 3 0 0
2106 81 0 0 21 0 0 0 0 0
2111 54 0 0 18 1 0 0 0 0
2112 36 0 0 0 0 0 0 0 0
2114 93 1 1 0 0 0 18 1 1
2118 30 0 0 15 0 0 0 0 0
2119 45 1 1 15 1 0 0 0 0
2122 6 0 0 6 1 0 0 0 0
2123 12 0 0 12 2 0 0 0 0
2124 24 1 1 0 0 0 6 0 0
2141 6 0 0 3 0 0 0 0 0
2152 12 0 0 3 0 0 0 0 0
2186 3 0 0 0 0 0 3 0 0
2188 15 0 0 0 0 0 3 0 0
2192 8 1 1 0 0 0 4 0 0
2194 4 0 0 2 0 0 0 0 0
2201 8 1 1 2 0 0 0 0 0
2205 4 1 1 2 0 0 2 0 0
2206 4 1 1 0 0 0 2 0 0
2210 6 1 1 2 0 0 0 0 0
2211 2 0 0 0 0 0 0 0 0
2213 26 0 0 0 0 0 10 0 0
2225 10 2 2 8 0 0 0 0 0
2226 14 1 1 4 0 0 0 0 0
2227 2 0 0 0 0 0 0 0 0
2236 4 0 0 2 0 0 0 0 0
2237 36 1 1 4 0 0 8 0 0
2243 12 1 1 0 0 0 4 0 0
2244 2 0 0 0 0 0 0 0 0
2246 4 1 1 2 0 0 2 0 0
2252 8 0 0 0 0 0 2 0 0
2254 6 1 1 2 0 0 0 0 0
2258 6 0 0 0 0 0 2 0 0
2260 4 0 0 0 0 0 0 0 0
2265 6 0 0 2 0 0 0 0 0
2273 4 0 0 2 0 0 0 0 0
2301 22 1 1 2 0 0 4 0 0
2304 6 0 0 2 0 0 0 0 0
2305 4 0 0 0 0 0 2 0 0
2322 4 2 2 2 0 0 0 0 0
2328 1 0 0 0 0 0 1 0 0
2330 6 0 0 0 0 0 1 0 0
2331 3 1 1 0 0 0 0 0 0
2332 1 0 0 0 0 0 0 0 0
2335 7 0 0 0 0 0 1 0 0
2338 2 0 0 0 0 0 0 0 0
2350 9 1 1 0 0 0 0 0 0
2352 6 0 0 0 0 0 0 0 0
2396 6 0 0 3 0 0 3 0 0
2397 39 1 1 9 0 0 15 0 0
2399 48 0 0 42 4 0 0 0 0
fn=_dl_map_object_from_fd
916 45 2 2 0 0 0 33 2 2
927 12 0 0 3 0 0 6 1 1
928 3 0 0 0 0 0 3 0 0
931 18 1 1 0 0 0 3 0 0
942 48 0 0 15 0 0 0 0 0
943 45 1 1 24 1 1 0 0 0
960 6 1 1 3 0 0 0 0 0
985 6 0 0 3 0 0 0 0 0
995 6 1 1 3 0 0 0 0 0
1017 12 0 0 6 0 0 0 0 0
1052 24 1 1 15 0 0 3 0 0
1053 6 0 0 0 0 0 0 0 0
1064 9 0 0 6 0 0 3 2 2
1065 9 1 1 6 0 0 3 0 0
1066 6 0 0 3 0 0 3 0 0
1068 15 1 1 0 0 0 0 0 0
1069 12 0 0 6 0 0 0 0 0
1070 3 0 0 0 0 0 0 0 0
1085 3 1 1 0 0 0 3 0 0
1094 36 1 1 6 0 0 9 0 0
1095 3 0 0 0 0 0 0 0 0
1096 3 0 0 0 0 0 0 0 0
1102 193 0 0 0 0 0 0 0 0
1103 178 1 1 23 0 0 0 0 0
1109 6 0 0 3 0 0 3 0 0
1110 9 0 0 3 0 0 3 0 0
1111 3 0 0 0 0 0 0 0 0
1114 2 0 0 1 0 0 1 0 0
1115 1 0 0 0 0 0 0 0 0
1120 30 2 2 12 0 0 0 0 0
1126 36 0 0 12 0 0 0 0 0
1127 6 0 0 0 0 0 0 0 0
1133 24 0 0 12 0 0 0 0 0
1144 30 0 0 6 0 0 0 0 0
1145 24 1 1 0 0 0 6 3 3
1146 12 0 0 0 0 0 0 0 0
1147 12 0 0 0 0 0 6 2 2
1148 6 0 0 0 0 0 6 0 0
1149 12 0 0 6 0 0 6 1 1
1150 12 0 0 0 0 0 6 0 0
1154 12 0 0 0 0 0 0 0 0
1155 9 0 0 3 0 0 0 0 0
1160 42 1 1 6 0 0 6 0 0
1170 6 0 0 0 0 0 0 0 0
1173 3 0 0 1 0 0 0 0 0
1177 1 0 0 0 0 0 1 1 1
1178 2 1 1 1 0 0 1 0 0
1179 2 0 0 0 0 0 0 0 0
1180 1 0 0 0 0 0 0 0 0
1182 3 0 0 1 0 0 1 0 0
1183 2 0 0 1 0 0 1 0 0
1186 2 0 0 1 0 0 1 0 0
1190 4 0 0 1 0 0 0 0 0
1196 3 0 0 1 0 0 2 1 1
1197 1 0 0 0 0 0 0 0 0
1201 15 0 0 3 0 0 3 0 0
1209 9 0 0 0 0 0 0 0 0
1253 6 1 1 3 0 0 3 0 0
1254 9 0 0 0 0 0 0 0 0
1257 6 1 1 3 0 0 3 0 0
1258 9 0 0 6 1 1 3 0 0
1259 3 0 0 0 0 0 0 0 0
1262 9 1 1 0 0 0 0 0 0
1275 24 0 0 15 0 0 3 0 0
1277 6 1 1 3 0 0 0 0 0
1291 3 0 0 3 1 0 0 0 0
1296 21 0 0 12 0 0 6 2 2
1300 6 1 1 0 0 0 0 0 0
1307 9 0 0 3 0 0 3 0 0
1308 9 0 0 6 0 0 3 0 0
1310 6 0 0 0 0 0 0 0 0
1316 18 0 0 3 0 0 3 0 0
1317 3 1 1 3 0 0 0 0 0
1320 3 0 0 3 0 0 0 0 0
1322 3 0 0 3 0 0 0 0 0
1343 30 0 0 6 0 0 0 0 0
1345 12 1 1 6 0 0 0 0 0
1347 30 0 0 12 0 0 3 0 0
1355 18 1 1 6 0 0 0 0 0
1356 9 1 1 6 0 0 3 0 0
1358 12 0 0 6 0 0 0 0 0
1359 12 1 1 6 0 0 0 0 0
1360 12 0 0 4 0 0 0 0 0
1361 10 0 0 2 0 0 0 0 0
1363 8 1 1 0 0 0 2 0 0
1366 24 0 0 12 0 0 0 0 0
1372 6 0 0 3 0 0 0 0 0
1373 3 0 0 0 0 0 0 0 0
1374 15 1 1 3 0 0 0 0 0
1375 6 0 0 0 0 0 0 0 0
1382 6 0 0 0 0 0 0 0 0
1385 6 0 0 0 0 0 0 0 0
1396 21 0 0 0 0 0 9 0 0
1397 15 0 0 9 0 0 0 0 0
1402 6 0 0 0 0 0 0 0 0
1406 8 1 1 1 0 0 1 0 0
1409 2 0 0 0 0 0 0 0 0
1417 6 1 1 0 0 0 0 0 0
1421 12 0 0 6 0 0 0 0 0
1430 9 0 0 3 0 0 3 0 0
1436 6 0 0 0 0 0 0 0 0
1452 9 0 0 3 0 0 0 0 0
1471 6 0 0 3 0 0 3 0 0
1473 15 1 1 6 0 0 0 0 0
1524 9 0 0 3 2 2 0 0 0
1525 2 0 0 1 0 0 1 0 0
1528 12 0 0 3 0 0 3 0 0
1536 21 2 2 3 0 0 0 0 0
1537 2 0 0 1 0 0 0 0 0
1539 12 0 0 6 0 0 3 0 0
1541 6 0 0 3 0 0 0 0 0
1557 6 0 0 0 0 0 3 0 0
1561 6 1 1 3 0 0 0 0 0
1562 6 0 0 3 0 0 0 0 0
1579 6 0 0 3 0 0 0 0 0
1580 1 0 0 0 0 0 1 0 0
1583 6 0 0 3 0 0 3 0 0
1584 6 1 1 3 0 0 3 0 0
1589 6 0 0 3 0 0 0 0 0
1599 6 0 0 3 0 0 0 0 0
1609 9 0 0 3 0 0 3 0 0
1613 12 0 0 3 0 0 0 0 0
1633 24 0 0 21 0 0 0 0 0
fn=expand_dynamic_string_token
161 3 0 0 0 0 0 1 0 0
162 2 0 0 0 0 0 1 0 0
164 2 0 0 0 0 0 0 0 0
167 4 0 0 0 0 0 0 0 0
419 10 2 2 0 0 0 6 0 0
429 5 0 0 0 0 0 1 1 1
444 7 1 1 6 0 0 0 0 0
fn=fillin_rpath
489 16 2 2 0 0 0 12 0 0
491 1 0 0 0 0 0 0 0 0
493 18 0 0 6 0 0 3 0 0
496 6 0 0 0 0 0 2 0 0
500 4 0 0 0 0 0 0 0 0
507 16 2 2 2 0 0 0 0 0
512 4 0 0 0 0 0 2 0 0
515 6 0 0 2 0 0 0 0 0
519 25 1 1 7 0 0 0 0 0
520 10 0 0 5 0 0 0 0 0
538 8 2 2 2 0 0 2 0 0
541 4 1 1 0 0 0 2 0 0
542 8 1 1 4 0 0 2 0 0
543 8 0 0 0 0 0 4 0 0
544 8 0 0 4 0 0 0 0 0
548 2 0 0 0 0 0 2 1 1
549 2 0 0 0 0 0 0 0 0
550 10 0 0 0 0 0 6 0 0
551 2 0 0 0 0 0 2 0 0
553 6 0 0 4 0 0 0 0 0
554 1 1 1 0 0 0 1 0 0
559 8 0 0 2 0 0 0 0 0
560 28 1 1 0 0 0 0 0 0
561 20 0 0 0 0 0 4 0 0
563 4 0 0 2 0 0 2 0 0
564 4 0 0 2 0 0 0 0 0
569 4 2 2 0 0 0 2 0 0
571 2 0 0 0 0 0 2 0 0
572 2 0 0 0 0 0 2 0 0
575 6 0 0 0 0 0 2 0 0
580 1 0 0 0 0 0 1 0 0
583 9 0 0 7 0 0 0 0 0
fn=open_path
1945 28 2 2 0 0 0 24 0 0
1946 4 0 0 2 0 0 2 0 0
1949 2 1 1 0 0 0 2 0 0
1950 2 0 0 0 0 0 2 0 0
1952 4 0 0 0 0 0 0 0 0
1957 16 0 0 4 2 0 0 0 0
1960 4 0 0 4 0 0 0 0 0
1964 8 1 1 0 0 0 0 0 0
1969 8 1 1 4 0 0 0 0 0
1976 20 0 0 8 0 0 8 0 0
1977 72 0 0 6 0 0 0 0 0
1980 32 1 1 16 0 0 0 0 0
1984 130 1 1 60 0 0 20 0 0
1987 10 0 0 0 0 0 0 0 0
1990 20 0 0 10 0 0 0 0 0
1993 80 1 1 40 0 0 10 0 0
1995 30 0 0 10 0 0 0 0 0
1997 16 0 0 0 0 0 0 0 0
2002 16 0 0 8 0 0 0 0 0
2003 72 1 1 32 0 0 0 0 0
2009 34 0 0 10 0 0 10 0 0
2011 48 1 1 8 0 0 8 0 0
2012 4 0 0 2 0 0 0 0 0
2014 42 1 1 8 0 0 8 0 0
2021 24 1 1 0 0 0 0 0 0
2023 6 0 0 0 0 0 0 0 0
2031 4 0 0 0 0 0 2 0 0
2059 2 0 0 0 0 0 0 0 0
2062 20 0 0 4 0 0 0 0 0
2067 4 0 0 4 0 0 0 0 0
2069 16 1 1 12 0 0 0 0 0
2072 6 0 0 2 0 0 0 0 0
2086 22 1 1 14 0 0 0 0 0
fn=open_verify
1681 156 2 2 0 0 0 104 1 1
1717 39 0 0 13 0 0 0 0 0
1738 65 0 0 13 0 0 26 0 0
1739 26 0 0 0 0 0 0 0 0
1749 3 0 0 0 0 0 3 0 0
1750 6 0 0 0 0 0 3 1 1
1755 18 1 1 3 0 0 3 0 0
1757 6 0 0 0 0 0 0 0 0
1759 9 0 0 3 0 0 3 0 0
1761 6 0 0 0 0 0 0 0 0
1767 6 0 0 0 0 0 0 0 0
1783 45 2 2 0 0 0 5 0 0
1785 3 0 0 3 0 0 0 0 0
1787 12 0 0 0 0 0 3 0 0
1814 1 1 1 1 0 0 0 0 0
1843 6 1 1 3 0 0 0 0 0
1848 6 0 0 3 0 0 0 0 0
1851 12 0 0 3 0 0 0 0 0
1856 6 0 0 3 1 1 0 0 0
1863 15 1 1 3 0 0 0 0 0
1864 12 0 0 3 0 0 0 0 0
1865 3 0 0 0 0 0 0 0 0
1880 127 0 0 0 0 0 0 0 0
1881 42 1 1 20 4 4 0 0 0
1885 8 0 0 4 0 0 0 0 0
1886 4 1 1 0 0 0 0 0 0
1895 24 1 1 0 0 0 4 0 0
1898 2 0 0 0 0 0 0 0 0
1899 6 0 0 2 0 0 0 0 0
1900 6 0 0 2 0 0 0 0 0
1902 6 0 0 0 0 0 0 0 0
1907 2 0 0 0 0 0 0 0 0
1908 2 0 0 0 0 0 0 0 0
1911 4 0 0 0 0 0 0 0 0
1914 6 0 0 2 0 0 0 0 0
1915 10 0 0 2 0 0 0 0 0
1916 4 0 0 2 0 0 0 0 0
1917 6 0 0 2 0 0 0 0 0
1918 12 0 0 4 0 0 0 0 0
1923 10 1 1 0 0 0 0 0 0
1931 104 1 1 91 0 0 0 0 0
fl=/usr/src/debug/glibc-2.17-c758a686/elf/dl-lookup.c
fn=_dl_lookup_symbol_x
476 230 0 0 0 0 0 0 0 0
477 6674 0 0 1611 106 94 115 0 0
478 5984 0 0 0 0 0 0 0 0
716 1610 2 2 0 0 0 920 7 0
718 230 0 0 0 0 0 115 0 0
719 230 0 0 0 0 0 230 0 0
722 115 1 1 115 2 0 0 0 0
730 230 1 1 0 0 0 115 0 0
731 230 0 0 115 0 0 0 0 0
733 230 0 0 230 6 0 0 0 0
737 968 1 1 12 0 0 230 0 0
739 1495 1 1 690 0 0 805 5 0
742 230 0 0 0 0 0 0 0 0
745 12 0 0 0 0 0 0 0 0
770 230 0 0 115 0 0 0 0 0
772 84 1 1 24 0 0 0 0 0
790 12 0 0 0 0 0 12 0 0
791 24 0 0 0 0 0 0 0 0
794 103 0 0 103 0 0 0 0 0
795 721 0 0 206 0 0 0 0 0
821 103 1 1 0 0 0 0 0 0
830 515 0 0 103 0 0 0 0 0
844 309 0 0 103 6 0 0 0 0
845 2 1 1 0 0 0 1 0 0
847 412 0 0 206 0 0 0 0 0
852 103 1 1 0 0 0 103 0 0
854 920 0 0 805 0 0 0 0 0
fn=_dl_setup_hash
865 15 1 1 5 0 0 0 0 0
869 3 0 0 3 0 0 0 0 0
873 6 1 1 3 3 3 3 1 0
874 3 0 0 3 0 0 0 0 0
875 3 0 0 3 1 1 0 0 0
878 6 0 0 0 0 0 3 0 0
879 9 0 0 3 0 0 3 0 0
881 3 0 0 0 0 0 3 0 0
882 6 0 0 0 0 0 0 0 0
884 3 0 0 0 0 0 3 0 0
885 3 0 0 0 0 0 0 0 0
886 12 1 1 0 0 0 3 0 0
887 3 0 0 3 0 0 0 0 0
890 6 0 0 2 0 0 0 0 0
892 2 0 0 2 0 0 0 0 0
894 4 0 0 2 2 2 2 0 0
896 2 0 0 0 0 0 0 0 0
897 2 0 0 0 0 0 2 0 0
898 6 0 0 2 0 0 2 0 0
fn=check_match.9440
132 5943 1 1 0 0 0 3396 5 0
133 1698 1 1 849 94 22 0 0 0
135 3396 0 0 1223 16 11 0 0 0
137 1122 0 0 374 0 0 0 0 0
147 1122 0 0 374 0 0 374 4 0
150 2548 1 1 1274 0 0 300 0 0
154 206 0 0 206 2 0 0 0 0
155 309 0 0 103 0 0 0 0 0
157 204 0 0 0 0 0 0 0 0
176 204 0 0 204 18 2 0 0 0
177 816 1 1 306 11 0 0 0 0
178 714 0 0 204 1 0 102 0 0
205 2 0 0 0 0 0 0 0 0
207 6 0 0 2 0 0 0 0 0
208 5 0 0 1 0 0 0 0 0
216 1696 1 1 0 0 0 0 0 0
223 5094 1 1 4245 0 0 0 0 0
fn=do_lookup_x
77 920 1 1 345 0 0 575 0 0
82 1380 1 1 230 0 0 805 5 0
83 115 0 0 115 1 0 0 0 0
88 115 0 0 0 0 0 0 0 0
89 115 0 0 115 0 0 0 0 0
95 476 0 0 0 0 0 476 0 0
96 476 0 0 0 0 0 476 0 0
98 1428 1 1 952 12 0 476 0 0
101 952 0 0 0 0 0 0 0 0
105 960 0 0 480 0 0 0 0 0
109 950 1 1 475 12 0 0 0 0
113 950 0 0 475 1 0 0 0 0
120 1425 0 0 475 11 0 0 0 0
124 950 0 0 950 30 0 0 0 0
125 1425 0 0 950 2 0 475 0 0
226 475 0 0 475 0 0 0 0 0
227 950 1 1 0 0 0 0 0 0
229 247 0 0 247 133 38 0 0 0
230 460 0 0 0 0 0 115 3 0
231 494 0 0 247 0 0 0 0 0
233 230 0 0 0 0 0 0 0 0
234 988 0 0 247 0 0 0 0 0
237 988 0 0 0 0 0 0 0 0
238 741 0 0 0 0 0 0 0 0
240 212 0 0 212 82 48 0 0 0
241 424 1 1 0 0 0 0 0 0
242 212 0 0 0 0 0 0 0 0
244 315 0 0 105 0 0 0 0 0
247 1020 1 1 204 91 64 0 0 0
249 816 0 0 204 0 0 204 0 0
250 714 0 0 102 0 0 408 0 0
251 510 0 0 306 0 0 0 0 0
254 306 0 0 0 0 0 0 0 0
258 145 0 0 0 0 0 145 0 0
262 1364 2 1 228 0 0 0 0 0
263 345 1 1 115 0 0 115 0 0
268 2651 2 1 456 7 2 228 0 0
270 3730 0 0 2984 32 3 746 0 0
272 5229 2 1 747 0 0 2988 0 0
273 3736 1 1 2241 0 0 0 0 0
282 744 1 1 372 0 0 0 0 0
287 768 1 1 103 0 0 0 0 0
291 248 0 0 14 1 0 103 0 0
304 206 1 1 103 0 0 103 0 0
305 206 0 0 103 0 0 103 0 0
306 103 0 0 0 0 0 0 0 0
462 2043 0 0 681 1 0 0 0 0
463 759 0 0 276 0 0 276 0 0
466 1119 1 1 0 0 0 0 0 0
469 24 0 0 0 0 0 0 0 0
470 920 0 0 805 0 0 0 0 0
fl=/usr/src/debug/glibc-2.17-c758a686/elf/dl-minimal.c
fn=__libc_memalign
51 108 1 1 0 0 0 54 1 0
52 133 0 0 53 0 0 0 0 0
57 3 0 0 0 0 0 1 0 0
58 3 1 1 1 0 0 0 0 0
59 1 0 0 0 0 0 0 0 0
63 81 0 0 0 0 0 27 0 0
64 27 0 0 0 0 0 0 0 0
66 177 1 1 0 0 0 0 0 0
70 12 0 0 3 0 0 0 0 0
71 9 0 0 0 0 0 0 0 0
77 21 0 0 0 0 0 3 0 0
79 15 0 0 6 0 0 0 0 0
83 9 0 0 0 0 0 3 0 0
86 27 1 1 0 0 0 27 0 0
87 27 0 0 0 0 0 27 0 0
89 207 0 0 81 0 0 0 0 0
fn=calloc
102 10 1 1 0 0 0 0 0 0
106 10 0 0 0 0 0 0 0 0
109 50 0 0 0 0 0 0 0 0
113 10 0 0 0 0 0 0 0 0
fn=malloc
93 26 0 0 0 0 0 0 0 0
94 52 0 0 0 0 0 0 0 0
fn=strsep
340 5 1 1 5 0 0 0 0 0
341 10 0 0 0 0 0 0 0 0
345 484 0 0 96 0 0 0 0 0
350 374 0 0 187 0 0 0 0 0
352 558 0 0 186 0 0 0 0 0
354 2 0 0 0 0 0 0 0 0
356 2 0 0 0 0 0 1 0 0
357 1 0 0 0 0 0 0 0 0
360 93 0 0 0 0 0 0 0 0
363 3 0 0 0 0 0 3 0 0
367 5 0 0 5 0 0 0 0 0
fl=/usr/src/debug/glibc-2.17-c758a686/elf/dl-misc.c
fn=_dl_name_match_p
304 525 1 1 0 0 0 210 0 0
305 420 1 1 105 3 0 105 0 0
306 112 0 0 0 0 0 0 0 0
308 105 0 0 105 1 0 0 0 0
310 422 0 0 0 0 0 0 0 0
311 565 0 0 113 22 0 113 0 0
314 106 0 0 106 0 0 0 0 0
316 98 0 0 0 0 0 0 0 0
317 525 1 1 315 0 0 0 0 0
fn=_dl_sysdep_read_whole_file
43 7 1 1 0 0 0 4 0 0
44 1 0 0 0 0 0 0 0 0
50 4 0 0 0 0 0 1 0 0
51 2 0 0 0 0 0 0 0 0
53 6 1 1 0 0 0 1 0 0
55 2 0 0 1 0 0 1 1 1
58 2 0 0 0 0 0 0 0 0
60 8 1 1 0 0 0 1 0 0
71 2 0 0 0 0 0 1 0 0
74 7 0 0 5 0 0 0 0 0
fl=/usr/src/debug/glibc-2.17-c758a686/elf/dl-object.c
fn=_dl_add_to_namespace_list
33 20 1 1 0 0 0 8 0 0
35 8 0 0 4 0 0 4 0 0
37 29 0 0 4 0 0 0 0 0
40 27 0 0 9 0 0 0 0 0
41 6 0 0 0 0 0 0 0 0
42 3 0 0 0 0 0 3 0 0
44 3 0 0 0 0 0 3 0 0
47 2 0 0 0 0 0 1 0 0
48 12 1 1 4 0 0 0 0 0
49 8 0 0 4 0 0 4 0 0
50 8 0 0 0 0 0 4 0 0
52 12 0 0 4 0 0 0 0 0
53 12 0 0 8 0 0 0 0 0
fn=_dl_new_object
62 52 1 1 0 0 0 36 3 3
63 20 0 0 0 0 0 4 0 0
69 48 1 1 8 0 0 0 0 0
76 20 1 1 0 0 0 8 0 0
79 8 0 0 0 0 0 0 0 0
82 4 0 0 0 0 0 4 4 4
83 8 0 0 0 0 0 4 4 4
87 8 1 1 0 0 0 4 1 1
88 20 0 0 4 0 0 8 3 3
90 4 0 0 0 0 0 4 0 0
92 8 0 0 4 0 0 4 0 0
93 24 0 0 8 4 4 4 0 0
96 8 1 1 4 0 0 0 0 0
97 9 1 1 0 0 0 4 4 4
98 4 0 0 0 0 0 4 1 1
102 4 0 0 0 0 0 4 0 0
105 45 0 0 0 0 0 0 0 0
107 32 0 0 0 0 0 16 4 4
117 8 0 0 0 0 0 4 1 1
118 4 0 0 0 0 0 4 4 4
121 4 0 0 0 0 0 0 0 0
123 24 1 1 4 1 1 0 0 0
125 9 0 0 0 0 0 3 0 0
128 9 1 1 0 0 0 0 0 0
132 9 0 0 3 0 0 0 0 0
136 21 1 1 3 0 0 0 0 0
138 1 0 0 0 0 0 0 0 0
144 1 0 0 0 0 0 1 1 1
147 8 1 1 0 0 0 4 1 1
150 20 0 0 8 0 0 0 0 0
152 15 0 0 3 0 0 6 0 0
156 15 1 1 0 0 0 0 0 0
160 9 1 1 0 0 0 3 0 0
161 12 0 0 0 0 0 0 0 0
206 12 0 0 6 0 0 3 0 0
211 103 0 0 0 0 0 0 0 0
212 112 0 0 53 0 0 0 0 0
217 6 0 0 0 0 0 3 0 0
220 6 0 0 0 0 0 3 0 0
224 32 1 1 28 0 0 0 0 0
fl=/usr/src/debug/glibc-2.17-c758a686/elf/dl-reloc.c
fn=_dl_relocate_object
148 60 2 2 0 0 0 40 1 0
155 5 0 0 0 0 0 5 1 0
158 6 0 0 0 0 0 0 0 0
159 25 1 1 0 0 0 15 0 0
163 10 0 0 0 0 0 0 0 0
164 20 0 0 10 1 0 0 0 0
170 10 0 0 5 0 0 0 0 0
176 15 0 0 5 0 0 0 0 0
177 10 1 1 5 4 0 0 0 0
178 2 0 0 0 0 0 0 0 0
180 10 0 0 5 0 0 0 0 0
188 10 1 1 5 2 0 0 0 0
233 15 1 1 10 2 0 5 0 0
259 296 4 4 104 15 1 65 0 0
262 15 0 0 5 0 0 0 0 0
294 5 0 0 5 0 0 0 0 0
297 10 0 0 5 0 0 0 0 0
314 15 0 0 5 3 0 0 0 0
316 40 1 1 35 2 0 0 0 0
322 20 1 1 10 0 0 0 0 0
323 10 0 0 5 0 0 0 0 0
324 10 0 0 0 0 0 0 0 0
327 10 0 0 0 0 0 0 0 0
328 25 1 1 0 0 0 5 0 0
fl=/usr/src/debug/glibc-2.17-c758a686/elf/dl-tls.c
fn=_dl_add_to_slotinfo
879 6 1 1 0 0 0 4 0 0
885 1 0 0 1 0 0 0 0 0
888 2 0 0 1 1 0 0 0 0
893 5 1 1 1 1 0 0 0 0
934 1 0 0 0 0 0 1 0 0
935 3 0 0 1 1 0 1 0 0
936 6 0 0 5 0 0 0 0 0
fn=_dl_allocate_tls_init
443 8 1 1 0 0 0 7 0 0
444 2 1 1 0 0 0 0 0 0
448 3 0 0 1 1 0 1 0 0
450 2 0 0 0 0 0 0 0 0
451 1 0 0 0 0 0 0 0 0
454 4 0 0 2 1 0 0 0 0
466 1 0 0 1 0 0 0 0 0
471 9 1 1 1 1 0 0 0 0
477 12 0 0 0 0 0 0 0 0
480 1 1 1 1 0 0 0 0 0
481 2 0 0 0 0 0 0 0 0
488 3 0 0 1 0 0 0 0 0
490 4 0 0 2 1 0 1 0 0
491 1 0 0 0 0 0 1 0 0
493 2 0 0 0 0 0 0 0 0
494 2 1 1 1 1 0 0 0 0
501 2 0 0 1 0 0 0 0 0
509 10 1 1 4 0 0 2 0 0
511 1 0 0 1 0 0 0 0 0
523 2 0 0 1 0 0 1 0 0
525 1 0 0 1 0 0 0 0 0
526 8 1 1 7 0 0 0 0 0
fn=_dl_allocate_tls_storage
316 2 0 0 1 0 0 0 0 0
317 3 0 0 0 0 0 1 0 0
318 2 0 0 0 0 0 0 0 0
321 1 0 0 0 0 0 1 1 1
327 2 1 1 0 0 0 1 0 0
349 3 1 1 0 0 0 3 0 0
351 1 1 1 1 0 0 0 0 0
362 4 0 0 1 0 0 1 0 0
363 2 0 0 0 0 0 0 0 0
370 1 0 0 0 0 0 0 0 0
374 306 1 1 0 0 0 288 36 36
391 5 0 0 4 0 0 0 0 0
fn=_dl_count_modids
111 2 1 1 1 0 0 0 0 0
112 2 1 1 2 0 0 0 0 0
fn=_dl_determine_tlsoffset
133 5 0 0 0 0 0 4 0 0
134 1 0 0 0 0 0 0 0 0
135 1 0 0 0 0 0 0 0 0
136 1 0 0 0 0 0 0 0 0
144 2 1 1 1 0 0 0 0 0
176 1 0 0 0 0 0 0 0 0
178 8 0 0 2 0 0 0 0 0
182 3 1 1 1 0 0 0 0 0
183 2 1 1 1 0 0 0 0 0
185 2 0 0 0 0 0 0 0 0
187 5 0 0 1 0 0 0 0 0
189 2 0 0 0 0 0 0 0 0
203 6 0 0 0 0 0 0 0 0
205 3 0 0 0 0 0 0 0 0
206 1 0 0 0 0 0 0 0 0
209 1 0 0 0 0 0 0 0 0
215 1 1 1 0 0 0 1 0 0
218 1 0 0 0 0 0 1 0 0
219 1 1 1 0 0 0 1 0 0
270 1 0 0 0 0 0 1 0 0
271 8 0 0 5 0 0 0 0 0
fn=_dl_next_tls_modid
52 3 1 1 2 0 0 0 0 0
100 2 0 0 0 0 0 1 0 0
104 1 0 0 1 0 0 0 0 0
fl=/usr/src/debug/glibc-2.17-c758a686/elf/dl-version.c
fn=_dl_check_all_versions
381 6 1 1 0 0 0 4 0 0
383 2 0 0 0 0 0 0 0 0
385 19 0 0 5 0 0 0 0 0
386 5 0 0 0 0 0 0 0 0
387 50 1 1 5 0 0 5 0 0
390 7 0 0 5 0 0 0 0 0
fn=_dl_check_map_versions
56 56 1 1 8 0 0 0 0 0
57 14 0 0 14 0 0 0 0 0
58 94 0 0 0 0 0 18 0 0
174 55 2 2 0 0 0 40 0 0
175 2 0 0 0 0 0 0 0 0
183 2 0 0 0 0 0 0 0 0
189 15 0 0 5 0 0 0 0 0
191 10 0 0 5 1 0 5 0 0
193 10 0 0 5 0 0 5 0 0
194 10 0 0 5 1 0 5 0 0
196 10 1 1 0 0 0 0 0 0
199 12 0 0 9 0 0 3 0 0
203 18 0 0 6 3 3 0 0 0
220 12 0 0 12 0 0 0 0 0
228 12 1 1 4 0 0 0 0 0
233 32 0 0 8 1 1 0 0 0
237 141 1 1 87 1 1 18 0 0
245 36 0 0 9 0 0 0 0 0
248 35 1 1 9 0 0 0 0 0
253 5 0 0 0 0 0 0 0 0
257 16 0 0 8 0 0 0 0 0
262 1 0 0 1 0 0 0 0 0
263 1 0 0 0 0 0 0 0 0
271 15 1 1 5 0 0 0 0 0
274 9 0 0 6 0 0 0 0 0
277 124 0 0 31 1 1 0 0 0
280 93 0 0 31 1 1 0 0 0
284 28 0 0 0 0 0 0 0 0
288 10 1 1 0 0 0 0 0 0
293 4 0 0 0 0 0 4 1 0
294 16 0 0 0 0 0 4 0 0
295 8 0 0 0 0 0 0 0 0
303 4 0 0 0 0 0 4 0 0
306 12 1 1 8 2 0 4 1 0
308 12 0 0 4 0 0 0 0 0
311 12 0 0 9 0 0 0 0 0
315 12 0 0 4 0 0 0 0 0
318 27 1 1 9 0 0 0 0 0
320 27 0 0 0 0 0 0 0 0
322 45 0 0 9 0 0 9 0 0
323 27 0 0 0 0 0 9 5 5
324 27 0 0 9 0 0 9 1 1
325 27 1 1 9 0 0 9 0 0
328 27 0 0 9 0 0 0 0 0
333 5 0 0 0 0 0 0 0 0
336 12 0 0 4 0 0 0 0 0
341 1 0 0 0 0 0 0 0 0
342 1 0 0 0 0 0 0 0 0
346 12 0 0 4 0 0 0 0 0
349 12 0 0 9 0 0 0 0 0
353 31 0 0 31 0 0 0 0 0
355 62 0 0 31 0 0 0 0 0
359 28 0 0 28 0 0 0 0 0
360 140 0 0 28 0 0 28 9 9
361 84 0 0 28 0 0 28 0 0
362 28 0 0 0 0 0 28 2 2
365 93 0 0 31 0 0 0 0 0
369 28 0 0 0 0 0 0 0 0
374 9 0 0 0 0 0 0 0 0
375 40 2 2 35 0 0 0 0 0
fn=match_symbol
76 117 1 1 0 0 0 72 0 0
77 18 1 1 18 0 0 0 0 0
85 18 0 0 9 0 0 0 0 0
91 27 0 0 9 0 0 0 0 0
109 18 0 0 18 1 0 0 0 0
114 158 1 1 79 9 9 0 0 0
128 158 0 0 79 4 4 0 0 0
130 9 1 1 9 0 0 0 0 0
133 54 1 1 9 0 0 9 0 0
140 210 0 0 70 3 3 0 0 0
144 70 0 0 0 0 0 0 0 0
168 72 0 0 63 0 0 0 0 0
fl=/usr/src/debug/glibc-2.17-c758a686/elf/do-rel.h
fn=_dl_relocate_object
47 20 0 0 10 0 0 0 0 0
48 10 0 0 10 0 0 0 0 0
50 4 0 0 0 0 0 0 0 0
51 4 1 1 0 0 0 4 1 0
58 30 0 0 10 1 0 0 0 0
61 180 0 0 0 0 0 0 0 0
63 168 1 1 56 21 21 0 0 0
65 38 1 1 0 0 0 0 0 0
74 6 0 0 0 0 0 0 0 0
75 52 1 1 11 0 0 0 0 0
76 24 0 0 12 0 0 0 0 0
83 14 0 0 7 0 0 7 0 0
84 7 1 1 7 0 0 0 0 0
86 14 0 0 0 0 0 0 0 0
98 21 0 0 0 0 0 0 0 0
108 13 1 1 1 1 1 0 0 0
111 4797 0 0 0 0 0 1196 228 226
118 21 0 0 7 6 0 0 0 0
121 12 0 0 6 4 0 6 1 0
124 396 0 0 132 0 0 0 0 0
127 496 0 0 124 33 30 0 0 0
129 29 1 1 7 0 0 8 0 0
136 351 0 0 234 59 44 0 0 0
137 774 0 0 117 0 0 117 1 0
138 219 0 0 117 1 0 0 0 0
139 234 1 1 234 0 0 0 0 0
143 8 0 0 0 0 0 0 0 0
144 26 1 1 1 0 0 0 0 0
145 21 0 0 7 0 0 0 0 0
148 21 1 1 14 0 0 0 0 0
149 21 0 0 7 0 0 7 0 0
150 7 0 0 0 0 0 0 0 0
151 7 0 0 7 0 0 0 0 0
152 14 0 0 7 0 0 0 0 0
160 23 2 2 5 0 0 4 0 0
162 20 1 1 5 1 1 0 0 0
170 25 0 0 5 0 0 5 0 0
171 10 0 0 10 0 0 0 0 0
174 5 0 0 2 0 0 0 0 0
fn=_dl_start
83 1 0 0 1 0 0 0 0 0
111 33 0 0 0 0 0 0 0 0
124 28 0 0 0 0 0 0 0 0
137 40 0 0 8 2 2 0 0 0
139 16 0 0 8 0 0 0 0 0
fl=/usr/src/debug/glibc-2.17-c758a686/elf/get-dynamic-info.h
fn=_dl_map_object_from_fd
38 6 0 0 0 0 0 0 0 0
42 3 0 0 0 0 0 0 0 0
44 234 1 1 78 21 21 0 0 0
46 150 1 1 0 0 0 0 0 0
51 71 0 0 0 0 0 0 0 0
52 124 0 0 0 0 0 73 18 18
53 8 0 0 0 0 0 0 0 0
55 3 0 0 0 0 0 0 0 0
56 11 1 1 0 0 0 0 0 0
58 3 0 0 0 0 0 0 0 0
59 11 0 0 0 0 0 0 0 0
60 2 0 0 0 0 0 0 0 0
61 8 0 0 0 0 0 2 0 0
62 75 0 0 0 0 0 0 0 0
69 6 1 1 0 0 0 0 0 0
89 12 0 0 6 0 0 0 0 0
90 12 0 0 6 0 0 0 0 0
91 12 0 0 6 0 0 0 0 0
92 12 0 0 6 0 0 0 0 0
94 12 1 1 6 0 0 0 0 0
99 12 0 0 6 0 0 0 0 0
100 11 0 0 5 1 1 0 0 0
101 11 0 0 5 0 0 0 0 0
136 9 1 1 3 0 0 0 0 0
141 4 0 0 2 0 0 2 1 1
143 4 0 0 0 0 0 0 0 0
145 4 0 0 0 0 0 0 0 0
147 4 0 0 0 0 0 0 0 0
148 1 0 0 0 0 0 1 0 0
150 9 1 1 3 0 0 0 0 0
152 4 0 0 2 0 0 2 0 0
160 4 0 0 2 0 0 0 0 0
161 4 0 0 0 0 0 0 0 0
165 4 0 0 0 0 0 0 0 0
166 2 0 0 1 0 0 1 0 0
168 6 1 1 3 0 0 0 0 0
fn=_dl_start
44 63 1 1 21 6 6 0 0 0
46 40 0 0 0 0 0 0 0 0
47 28 0 0 0 0 0 14 4 4
51 25 0 0 0 0 0 0 0 0
52 22 2 2 0 0 0 5 3 3
53 4 1 1 0 0 0 0 0 0
55 1 0 0 0 0 0 0 0 0
56 5 0 0 0 0 0 0 0 0
58 2 0 0 0 0 0 0 0 0
59 5 1 1 0 0 0 0 0 0
60 1 0 0 0 0 0 0 0 0
61 5 0 0 0 0 0 1 1 1
62 20 0 0 0 0 0 0 0 0
69 2 0 0 0 0 0 0 0 0
89 4 0 0 2 0 0 0 0 0
90 4 0 0 2 0 0 0 0 0
91 4 1 1 2 0 0 0 0 0
92 4 0 0 2 0 0 0 0 0
94 4 0 0 2 0 0 0 0 0
99 4 0 0 2 0 0 0 0 0
100 4 1 1 2 0 0 0 0 0
101 4 0 0 2 0 0 0 0 0
fn=dl_main
29 1 0 0 1 0 0 0 0 0
38 2 0 0 0 0 0 0 0 0
42 1 0 0 0 0 0 0 0 0
44 75 0 0 25 7 7 0 0 0
46 48 0 0 0 0 0 0 0 0
51 13 1 1 0 0 0 0 0 0
52 33 0 0 0 0 0 24 5 5
55 2 0 0 0 0 0 0 0 0
56 1 0 0 0 0 0 0 0 0
58 1 0 0 0 0 0 0 0 0
59 1 0 0 0 0 0 0 0 0
61 1 1 1 0 0 0 0 0 0
62 24 0 0 0 0 0 0 0 0
69 3 0 0 1 0 0 0 0 0
136 3 1 1 1 0 0 0 0 0
150 3 1 1 1 0 0 0 0 0
168 2 1 1 1 0 0 0 0 0
fl=/usr/src/debug/glibc-2.17-c758a686/elf/rtld.c
fn=_dl_initial_error_catch_tsd
784 14 1 1 7 0 0 0 0 0
fn=_dl_start
285 2 1 1 0 0 0 1 1 1
286 2 0 0 0 0 0 1 0 0
287 2 0 0 0 0 0 1 1 1
288 2 0 0 0 0 0 1 0 0
289 2 1 1 0 0 0 1 0 0
309 5 0 0 0 0 0 1 1 1
312 1 0 0 0 0 0 1 0 0
318 4 0 0 0 0 0 1 0 0
327 4 0 0 0 0 0 0 0 0
330 2 0 0 1 1 0 1 1 0
334 2 0 0 1 0 0 0 0 0
348 9 2 2 0 0 0 6 1 1
366 5 0 0 0 0 0 1 1 1
392 1 0 0 0 0 0 1 0 0
395 1 0 0 0 0 0 1 1 1
528 34 2 2 10 0 0 0 0 0
530 1 0 0 1 1 1 0 0 0
555 9 0 0 7 1 0 0 0 0
fn=dl_main
839 1 0 0 1 1 0 0 0 0
841 1 0 0 0 0 0 1 0 0
847 3 0 0 1 0 0 0 0 0
852 1 1 1 0 0 0 1 0 0
854 1 0 0 0 0 0 1 0 0
860 1 0 0 0 0 0 1 0 0
877 13 2 2 0 0 0 8 2 2
883 1 0 0 0 0 0 0 0 0
885 2 0 0 0 0 0 0 0 0
886 2 0 0 0 0 0 1 0 0
892 1 0 0 0 0 0 1 0 0
896 2 0 0 0 0 0 1 0 0
899 2 0 0 0 0 0 1 1 1
903 2 0 0 0 0 0 1 1 1
904 2 0 0 0 0 0 1 0 0
909 2 0 0 0 0 0 1 0 0
915 1 0 0 0 0 0 1 1 1
917 4 2 2 2 0 0 0 0 0
1113 8 1 1 0 0 0 1 0 0
1116 1 0 0 0 0 0 1 1 1
1117 2 1 1 1 0 0 1 0 0
1118 3 0 0 2 0 0 1 0 0
1122 5 0 0 1 0 0 1 0 0
1144 1 0 0 0 0 0 1 0 0
1145 1 0 0 0 0 0 1 0 0
1147 1 0 0 0 0 0 1 0 0
1149 1 1 1 1 0 0 0 0 0
1152 36 2 2 3 0 0 0 0 0
1153 71 1 1 9 5 5 0 0 0
1157 3 1 1 1 0 0 1 0 0
1158 1 0 0 0 0 0 0 0 0
1162 3 1 1 2 0 0 1 0 0
1163 1 0 0 0 0 0 0 0 0
1171 1 0 0 0 0 0 1 1 1
1172 2 1 1 2 1 1 0 0 0
1174 2 0 0 0 0 0 1 0 0
1181 3 0 0 1 0 0 0 0 0
1199 1 0 0 0 0 0 0 0 0
1207 4 0 0 2 0 0 0 0 0
1208 10 1 1 3 1 1 0 0 0
1209 4 1 1 2 0 0 0 0 0
1210 1 0 0 0 0 0 1 0 0
1213 4 0 0 2 1 1 0 0 0
1214 4 0 0 2 0 0 0 0 0
1215 2 0 0 0 0 0 2 0 0
1216 6 0 0 3 0 0 0 0 0
1217 2 0 0 0 0 0 1 0 0
1244 2 1 1 1 0 0 1 0 0
1245 1 0 0 0 0 0 0 0 0
1248 2 0 0 1 0 0 1 0 0
1249 2 0 0 1 0 0 1 0 0
1250 1 0 0 0 0 0 0 0 0
1255 3 0 0 1 1 1 0 0 0
1258 2 0 0 0 0 0 0 0 0
1260 2 1 1 0 0 0 0 0 0
1262 2 0 0 1 0 0 0 0 0
1275 2 0 0 0 0 0 0 0 0
1276 13 1 1 7 0 0 3 0 0
1281 1 1 1 0 0 0 1 0 0
1283 1 0 0 0 0 0 1 0 0
1284 1 0 0 0 0 0 1 0 0
1287 2 0 0 0 0 0 1 0 0
1293 2 0 0 0 0 0 0 0 0
1298 2 0 0 0 0 0 1 0 0
1301 2 0 0 1 0 0 0 0 0
1317 3 2 2 0 0 0 1 0 0
1323 9 1 1 1 0 0 2 0 0
1328 2 1 1 1 0 0 1 0 0
1331 4 0 0 1 0 0 2 0 0
1333 1 0 0 0 0 0 1 0 0
1338 2 0 0 1 0 0 0 0 0
1341 3 1 1 2 0 0 1 0 0
1342 4 0 0 1 0 0 1 0 0
1343 2 0 0 0 0 0 1 0 0
1344 1 0 0 0 0 0 1 0 0
1345 1 0 0 1 0 0 0 0 0
1346 1 0 0 1 0 0 0 0 0
1351 2 0 0 1 0 0 0 0 0
1352 5 1 1 1 0 0 1 0 0
1356 1 0 0 1 0 0 0 0 0
1358 4 0 0 1 0 0 0 0 0
1359 2 0 0 0 0 0 1 0 0
1360 4 1 1 1 1 1 1 1 1
1365 2 0 0 0 0 0 0 0 0
1366 6 0 0 1 1 1 0 0 0
1368 2 0 0 1 0 0 1 1 1
1369 2 0 0 1 0 0 1 0 0
1374 2 1 1 1 0 0 0 0 0
1379 3 0 0 1 0 0 0 0 0
1556 2 0 0 0 0 0 2 0 0
1564 3 1 1 1 0 0 0 0 0
1567 2 0 0 1 0 0 1 0 0
1571 3 0 0 1 0 0 0 0 0
1576 2 1 1 1 0 0 1 0 0
1577 2 0 0 0 0 0 1 0 0
1578 1 0 0 0 0 0 0 0 0
1582 3 1 1 1 0 0 0 0 0
1599 1 0 0 0 0 0 0 0 0
1601 3 0 0 1 0 0 0 0 0
1608 11 2 2 0 0 0 3 0 0
1611 5 0 0 0 0 0 0 0 0
1614 12 0 0 0 0 0 2 0 0
1615 2 0 0 1 0 0 0 0 0
1616 3 1 1 1 0 0 0 0 0
1618 6 0 0 0 0 0 1 0 0
1620 4 0 0 0 0 0 0 0 0
1621 2 0 0 1 0 0 0 0 0
1622 3 1 1 0 0 0 1 0 0
1632 5 0 0 0 0 0 1 0 0
1709 4 0 0 2 0 0 0 0 0
1713 8 1 1 0 0 0 0 0 0
1714 1 0 0 0 0 0 0 0 0
1717 4 0 0 0 0 0 1 0 0
1718 1 0 0 1 0 0 0 0 0
1719 2 1 1 0 0 0 0 0 0
1726 6 1 1 0 0 0 1 0 0
1727 8 0 0 0 0 0 1 0 0
1728 4 0 0 0 0 0 0 0 0
1730 3 0 0 2 0 0 0 0 0
1733 15 1 1 2 0 0 0 0 0
1734 20 0 0 10 0 0 0 0 0
1737 3 1 1 2 0 0 1 0 0
1738 3 0 0 1 0 0 0 0 0
1739 1 0 0 0 0 0 1 0 0
1741 16 1 1 0 0 0 0 0 0
1742 11 0 0 5 0 0 0 0 0
1752 2 2 2 0 0 0 1 0 0
1754 2 0 0 1 0 0 1 0 0
1755 2 0 0 1 0 0 0 0 0
1757 2 1 1 0 0 0 1 0 0
1759 3 0 0 0 0 0 0 0 0
1761 3 0 0 1 1 0 0 0 0
1776 2 0 0 0 0 0 1 0 0
1777 3 0 0 1 0 0 0 0 0
1788 4 1 1 0 0 0 1 0 0
1789 1 0 0 0 0 0 1 0 0
1790 4 0 0 0 0 0 1 0 0
1800 2 0 0 1 0 0 1 0 0
1801 2 0 0 1 0 0 0 0 0
1802 2 1 1 0 0 0 2 0 0
1804 2 0 0 1 0 0 0 0 0
1809 2 0 0 1 0 0 0 0 0
2042 3 0 0 1 1 0 0 0 0
2092 1 1 1 1 0 0 0 0 0
2098 2 1 1 0 0 0 1 0 0
2102 4 1 1 2 0 0 2 1 0
2106 2 0 0 1 0 0 1 0 0
2109 2 0 0 0 0 0 0 0 0
2117 2 0 0 0 0 0 0 0 0
2163 3 2 2 1 1 0 0 0 0
2170 1 0 0 1 0 0 0 0 0
2172 11 0 0 1 0 0 1 0 0
2174 15 1 1 1 1 0 0 0 0
2176 15 1 1 10 5 0 0 0 0
2181 10 0 0 10 0 0 0 0 0
2183 12 0 0 0 0 0 0 0 0
2185 1 1 1 0 0 0 1 0 0
2186 1 0 0 1 0 0 0 0 0
2189 5 0 0 5 0 0 0 0 0
2191 15 0 0 0 0 0 0 0 0
2192 32 0 0 8 3 0 4 0 0
2196 17 0 0 6 1 0 0 0 0
2197 3 1 1 0 0 0 1 0 0
2199 4 1 1 0 0 0 0 0 0
2201 2 0 0 0 0 0 1 1 0
2207 2 0 0 1 0 0 0 0 0
2216 4 0 0 2 1 0 0 0 0
2218 1 1 1 1 1 0 0 0 0
2223 2 0 0 1 0 0 1 0 0
2227 2 0 0 1 0 0 0 0 0
2243 4 2 2 1 0 0 0 0 0
2258 5 0 0 0 0 0 0 0 0
2260 1 0 0 1 0 0 0 0 0
2261 5 0 0 1 0 0 1 0 0
2262 4 0 0 0 0 0 0 0 0
2264 3 1 1 1 0 0 0 0 0
2272 1 0 0 0 0 0 1 0 0
2276 3 0 0 1 1 0 0 0 0
2296 4 0 0 0 0 0 1 0 0
2297 1 0 0 0 0 0 1 0 0
2298 1 0 0 0 0 0 1 0 0
2299 1 0 0 0 0 0 0 0 0
2303 1 0 0 0 0 0 1 0 0
2308 8 0 0 7 2 0 0 0 0
2476 2 0 0 1 0 0 1 1 1
2478 1 0 0 0 0 0 0 0 0
2479 1 1 1 0 0 0 1 0 0
2483 11 1 1 1 0 0 3 0 0
2485 15 0 0 3 0 0 3 1 1
2489 105 1 1 21 0 0 0 0 0
2490 19 0 0 0 0 0 0 0 0
2492 4 0 0 0 0 0 0 0 0
2498 16 0 0 2 1 1 0 0 0
2519 6 1 1 0 0 0 1 0 0
2526 6 1 1 0 0 0 1 0 0
2528 3 0 0 0 0 0 1 0 0
2572 6 1 1 0 0 0 1 0 0
2574 3 0 0 0 0 0 1 0 0
2647 3 1 1 1 0 0 0 0 0
2677 3 0 0 1 0 0 0 0 0
fn=do_preload
790 6 2 2 0 0 0 3 0 0
792 1 0 0 0 0 0 1 0 0
796 1 0 0 0 0 0 1 0 0
797 1 0 0 0 0 0 1 0 0
798 1 1 1 0 0 0 1 0 0
800 1 0 0 1 0 0 0 0 0
802 6 0 0 0 0 0 1 0 0
803 2 0 0 1 0 0 0 0 0
811 3 0 0 1 0 0 0 0 0
817 5 1 1 4 0 0 0 0 0
fn=init_tls
703 1 0 0 0 0 0 1 0 0
705 2 0 0 1 1 0 1 0 0
709 2 0 0 1 1 0 0 0 0
710 1 0 0 0 0 0 0 0 0
715 2 0 0 0 0 0 1 1 1
718 1 0 0 0 0 0 1 0 0
719 4 0 0 0 0 0 1 0 0
724 1 1 1 0 0 0 0 0 0
726 1 0 0 0 0 0 1 0 0
731 1 0 0 0 0 0 0 0 0
732 13 0 0 1 0 0 0 0 0
733 10 0 0 5 0 0 0 0 0
734 10 0 0 5 3 0 0 0 0
738 3 0 0 0 0 0 1 0 0
740 1 0 0 0 0 0 0 0 0
745 1 0 0 0 0 0 1 0 0
752 2 1 1 0 0 0 1 0 0
753 2 0 0 0 0 0 0 0 0
759 2 0 0 1 0 0 1 0 0
767 7 1 1 0 0 0 2 0 0
771 2 0 0 0 0 0 1 0 0
774 2 0 0 2 0 0 0 0 0
fn=map_doit
611 2 1 1 0 0 0 1 0 0
613 8 1 1 3 0 0 2 0 0
615 2 0 0 2 0 0 0 0 0
fn=rtld_lock_default_lock_recursive
824 10 2 1 10 2 1 0 0 0
fn=rtld_lock_default_unlock_recursive
830 10 0 0 10 1 0 0 0 0
fn=version_check_doit
643 2 1 1 0 0 0 1 0 0
645 6 0 0 2 0 0 1 0 0
649 2 0 0 2 0 0 0 0 0
fl=/usr/src/debug/glibc-2.17-c758a686/elf/setup-vdso.h
fn=dl_main
24 2 1 1 1 0 0 0 0 0
fl=/usr/src/debug/glibc-2.17-c758a686/io/../sysdeps/unix/sysv/linux/wordsize-64/fxstat.c
fn=_fxstat
35 6 0 0 0 0 0 0 0 0
36 12 2 2 0 0 0 0 0 0
37 36 1 1 0 0 0 0 0 0
41 6 0 0 6 0 0 0 0 0
fl=/usr/src/debug/glibc-2.17-c758a686/io/../sysdeps/unix/sysv/linux/wordsize-64/xstat.c
fn=_xstat
35 8 0 0 0 0 0 0 0 0
36 16 1 1 0 0 0 0 0 0
37 72 0 0 6 0 0 6 0 0
41 2 0 0 2 0 0 0 0 0
fl=/usr/src/debug/glibc-2.17-c758a686/libio/../sysdeps/unix/sysv/linux/sys/sysmacros.h
fn=_IO_file_doallocate
46 6 0 0 0 0 0 0 0 0
fl=/usr/src/debug/glibc-2.17-c758a686/libio/filedoalloc.c
fn=_IO_file_doallocate
96 10 1 1 0 0 0 6 0 0
111 16 1 1 6 1 0 2 0 0
113 8 0 0 2 0 0 0 0 0
116 2 0 0 0 0 0 0 0 0
118 2 0 0 1 0 0 0 0 0
121 1 1 1 1 0 0 0 0 0
124 12 0 0 2 0 0 0 0 0
128 16 1 1 0 0 0 2 0 0
129 10 0 0 0 0 0 2 0 0
130 2 0 0 0 0 0 0 0 0
131 10 1 1 8 0 0 0 0 0
fl=/usr/src/debug/glibc-2.17-c758a686/libio/fileops.c
fn=_IO_file_close
1285 2 1 1 1 0 0 0 0 0
fn=_IO_file_close_it@@GLIBC_2.2.5
159 4 0 0 0 0 0 3 0 0
161 3 0 0 1 0 0 0 0 0
164 2 1 1 0 0 0 0 0 0
165 2 0 0 1 0 0 0 0 0
168 1 0 0 0 0 0 0 0 0
170 2 0 0 0 0 0 1 0 0
173 8 2 2 3 0 0 1 0 0
177 3 0 0 1 0 0 0 0 0
186 5 1 1 0 0 0 1 0 0
187 3 0 0 0 0 0 3 0 0
188 3 0 0 0 0 0 3 0 0
190 2 0 0 0 0 0 1 0 0
191 1 0 0 0 0 0 1 0 0
192 1 0 0 0 0 0 1 0 0
193 1 0 0 0 0 0 1 0 0
195 3 0 0 0 0 0 0 0 0
196 4 0 0 4 0 0 0 0 0
fn=_IO_file_finish@@GLIBC_2.2.5
203 2 1 1 0 0 0 1 0 0
204 2 0 0 1 0 0 0 0 0
210 3 1 1 0 0 0 0 0 0
211 1 0 0 1 0 0 0 0 0
fn=_IO_file_fopen@@GLIBC_2.2.5
225 2 0 0 0 0 0 0 0 0
226 2 0 0 0 0 0 0 0 0
229 2 0 0 0 0 0 1 0 0
233 2 0 0 0 0 0 0 0 0
235 1 0 0 0 0 0 1 0 0
236 4 0 0 1 0 0 1 0 0
239 3 1 1 0 0 0 0 0 0
249 2 0 0 0 0 0 1 0 0
260 9 1 1 0 0 0 6 0 0
261 3 0 0 0 0 0 0 0 0
271 3 0 0 1 0 0 0 0 0
272 1 0 0 0 0 0 0 0 0
273 4 0 0 1 1 1 0 0 0
276 1 0 0 0 0 0 0 0 0
277 1 1 1 0 0 0 0 0 0
281 2 1 1 1 0 0 0 0 0
298 12 0 0 1 0 0 0 0 0
339 1 1 1 0 0 0 0 0 0
359 4 0 0 0 0 0 1 0 0
360 3 0 0 0 0 0 0 0 0
430 8 1 1 7 0 0 0 0 0
fn=_IO_file_init@@GLIBC_2.2.5
144 4 1 1 0 0 0 2 0 0
148 2 0 0 0 0 0 1 0 0
149 1 1 1 1 0 0 0 0 0
151 1 0 0 0 0 0 1 0 0
152 1 0 0 0 0 0 1 0 0
153 4 0 0 3 0 0 0 0 0
fn=_IO_file_read
1244 12 1 1 6 0 0 0 0 0
fn=_IO_file_stat
1262 2 1 1 0 0 0 0 0 0
1263 6 0 0 2 0 0 0 0 0
fn=_IO_file_underflow@@GLIBC_2.2.5
551 12 1 1 0 0 0 6 0 0
559 9 1 1 3 0 0 0 0 0
565 9 0 0 6 0 0 0 0 0
568 6 0 0 3 0 0 0 0 0
571 6 2 2 2 0 0 0 0 0
576 8 0 0 2 0 0 2 0 0
581 6 0 0 0 0 0 0 0 0
591 21 2 2 12 2 1 1 0 0
593 3 0 0 0 0 0 0 0 0
601 6 1 1 0 0 0 3 0 0
607 9 0 0 3 0 0 6 0 0
608 3 0 0 0 0 0 3 0 0
609 6 0 0 0 0 0 6 0 0
610 3 0 0 0 0 0 3 0 0
612 15 1 1 9 0 0 3 0 0
614 4 0 0 0 0 0 0 0 0
616 1 0 0 0 0 0 0 0 0
617 3 0 0 1 0 0 1 0 0
621 1 0 0 1 0 0 0 0 0
623 1 0 0 0 0 0 0 0 0
624 3 0 0 1 0 0 0 0 0
626 2 0 0 2 1 0 0 0 0
627 8 0 0 6 0 0 0 0 0
fl=/usr/src/debug/glibc-2.17-c758a686/libio/genops.c
fn=_IO_default_finish
683 2 0 0 0 0 0 1 0 0
685 3 0 0 1 0 0 0 0 0
691 3 1 1 1 0 0 0 0 0
694 3 0 0 1 0 0 0 0 0
700 2 0 0 0 0 0 0 0 0
706 1 0 0 1 0 0 0 0 0
fn=_IO_default_uflow
435 6 1 1 0 0 0 3 0 0
436 6 0 0 6 0 0 3 0 0
437 4 0 0 0 0 0 0 0 0
439 4 1 1 2 0 0 1 0 0
440 4 0 0 4 0 0 0 0 0
fn=_IO_doallocbuf
415 8 1 1 0 0 0 6 0 0
416 4 0 0 2 0 0 0 0 0
418 6 1 1 2 0 0 0 0 0
419 10 0 0 4 2 0 2 0 0
422 8 0 0 8 0 0 0 0 0
fn=_IO_link_in
100 8 1 1 0 0 0 4 0 0
101 6 1 1 2 0 0 0 0 0
103 2 0 0 0 0 0 1 0 0
105 6 0 0 1 0 0 2 0 0
106 13 2 2 5 1 1 2 0 0
107 1 0 0 0 0 0 1 0 0
108 18 1 1 10 0 0 1 0 0
110 2 1 1 1 1 0 1 0 0
111 1 0 0 0 0 0 1 0 0
112 1 0 0 1 0 0 0 0 0
114 15 2 2 5 0 0 2 0 0
115 1 0 0 0 0 0 1 0 0
116 9 1 1 2 0 0 2 0 0
117 2 0 0 0 0 0 0 0 0
120 8 0 0 6 0 0 0 0 0
fn=_IO_no_init
644 9 1 1 0 0 0 4 0 0
645 1 0 0 0 0 0 1 0 0
646 1 1 1 0 0 0 1 0 0
648 2 0 0 0 0 0 0 0 0
650 1 0 0 0 0 0 1 0 0
651 1 0 0 0 0 0 1 1 1
652 1 0 0 0 0 0 1 0 0
653 1 0 0 0 0 0 1 0 0
654 1 0 0 0 0 0 1 0 0
655 1 0 0 0 0 0 1 0 0
656 1 0 0 0 0 0 1 0 0
657 1 1 1 0 0 0 1 0 0
658 1 0 0 0 0 0 1 0 0
659 1 0 0 0 0 0 1 0 0
660 1 0 0 0 0 0 1 0 0
661 1 0 0 0 0 0 1 1 1
663 1 0 0 0 0 0 1 0 0
666 1 0 0 0 0 0 1 0 0
667 6 1 1 5 0 0 0 0 0
fn=_IO_old_init
611 2 0 0 0 0 0 1 1 1
612 1 0 0 0 0 0 1 1 1
613 1 0 0 0 0 0 1 0 0
614 1 0 0 0 0 0 1 0 0
615 1 0 0 0 0 0 1 0 0
616 1 0 0 0 0 0 1 0 0
617 1 0 0 0 0 0 1 0 0
618 1 1 1 0 0 0 1 0 0
619 1 0 0 0 0 0 1 0 0
620 1 0 0 0 0 0 1 0 0
621 1 0 0 0 0 0 1 0 0
623 1 0 0 0 0 0 1 0 0
624 1 0 0 0 0 0 1 0 0
625 1 0 0 0 0 0 1 0 0
626 1 0 0 0 0 0 1 0 0
627 2 2 2 0 0 0 1 0 0
632 3 0 0 1 0 0 0 0 0
633 4 0 0 1 0 0 3 1 1
fn=_IO_setb
400 15 1 1 0 0 0 6 0 0
401 14 0 0 6 0 0 0 0 0
402 11 0 0 4 0 0 3 0 0
403 3 0 0 0 0 0 3 0 0
404 3 0 0 0 0 0 3 0 0
406 18 0 0 0 0 0 3 0 0
409 12 0 0 9 0 0 0 0 0
fn=_IO_switch_to_get_mode
183 6 1 1 0 0 0 3 0 0
184 9 0 0 6 0 0 0 0 0
187 9 1 1 3 0 0 0 0 0
191 6 0 0 3 0 0 3 0 0
192 6 0 0 3 0 0 0 0 0
195 3 0 0 0 0 0 3 0 0
197 6 0 0 0 0 0 6 0 0
199 6 0 0 0 0 0 3 0 0
200 3 0 0 0 0 0 0 0 0
201 6 0 0 6 0 0 0 0 0
fn=_IO_un_link
61 12 1 1 0 0 0 6 0 0
62 6 0 0 3 0 0 0 0 0
66 6 1 1 1 0 0 2 0 0
67 11 1 1 5 0 0 1 0 0
68 1 0 0 0 0 0 1 0 0
69 20 1 1 10 0 0 1 0 0
71 3 1 1 1 1 0 0 0 0
73 2 0 0 0 0 0 0 0 0
75 3 0 0 1 0 0 1 0 0
76 1 0 0 1 0 0 0 0 0
86 2 1 1 0 0 0 1 0 0
88 11 1 1 4 0 0 1 0 0
89 1 0 0 0 0 0 1 0 0
90 7 1 1 3 0 0 1 0 0
91 2 0 0 0 0 0 0 0 0
94 12 0 0 9 0 0 0 0 0
fn=_IO_unsave_markers
1116 2 1 1 0 0 0 1 0 0
1118 2 0 0 1 0 0 0 0 0
1137 3 0 0 1 0 0 0 0 0
1139 2 1 1 2 0 0 0 0 0
fn=__uflow
364 6 1 1 0 0 0 3 0 0
366 13 1 1 3 1 0 2 0 0
372 15 1 1 9 0 0 0 0 0
375 6 0 0 0 0 0 0 0 0
377 6 0 0 0 0 0 0 0 0
383 6 0 0 3 1 1 0 0 0
388 9 2 2 3 0 0 0 0 0
390 12 0 0 6 1 0 0 0 0
391 3 0 0 3 0 0 0 0 0
fl=/usr/src/debug/glibc-2.17-c758a686/libio/getc.c
fn=getc
36 84 1 1 0 0 0 42 0 0
39 672 1 1 378 3 1 42 0 0
40 253 2 2 123 0 0 42 0 0
43 123 0 0 82 0 0 0 0 0
fl=/usr/src/debug/glibc-2.17-c758a686/libio/iofclose.c
fn=fclose@@GLIBC_2.2.5
40 4 1 1 0 0 0 3 0 0
54 4 0 0 1 0 0 0 0 0
55 4 1 1 1 0 0 1 0 0
57 18 1 1 9 0 0 1 0 0
58 2 1 1 0 0 0 0 0 0
59 5 1 1 1 0 0 1 0 0
61 3 0 0 0 0 0 0 0 0
63 4 0 0 2 0 0 1 0 0
64 3 0 0 1 0 0 0 0 0
79 2 0 0 1 0 0 0 0 0
82 6 1 1 3 1 0 0 0 0
84 1 0 0 0 0 0 1 0 0
85 2 0 0 0 0 0 1 0 0
89 5 0 0 4 0 0 0 0 0
fl=/usr/src/debug/glibc-2.17-c758a686/libio/iofopen.c
fn=__fopen_internal
65 8 1 1 0 0 0 4 0 0
73 3 1 1 0 0 0 1 0 0
75 2 0 0 0 0 0 0 0 0
78 2 0 0 0 0 0 1 1 1
81 6 0 0 0 0 0 1 0 0
85 2 1 1 0 0 0 1 0 0
86 2 0 0 0 0 0 1 0 0
90 7 0 0 0 0 0 1 0 0
91 2 0 0 0 0 0 0 0 0
96 5 0 0 4 0 0 0 0 0
fn=__fopen_maybe_mmap
40 1 0 0 0 0 0 0 0 0
42 2 1 1 1 0 0 0 0 0
57 1 0 0 1 0 0 0 0 0
fn=fopen@@GLIBC_2.2.5
103 2 1 1 0 0 0 0 0 0
fl=/usr/src/debug/glibc-2.17-c758a686/libio/libioP.h
fn=_IO_file_underflow@@GLIBC_2.2.5
889 2 0 0 1 0 0 0 0 0
890 9 0 0 4 0 0 1 0 0
fn=fclose@@GLIBC_2.2.5
889 2 0 0 0 0 0 0 0 0
890 9 1 1 4 0 0 1 0 0
fn=getc
889 82 0 0 41 0 0 0 0 0
890 328 0 0 164 0 0 41 0 0
fl=/usr/src/debug/glibc-2.17-c758a686/malloc/arena.c
fn=malloc_hook_ini
399 3 0 0 1 1 1 0 0 0
fn=ptmalloc_init.part.8
360 123 0 0 41 6 0 0 0 0
362 80 0 0 40 19 0 0 0 0
363 8 0 0 4 0 0 0 0 0
364 6 0 0 3 0 0 0 0 0
378 40 0 0 0 0 0 0 0 0
397 6 1 1 0 0 0 5 0 0
400 1 0 0 0 0 0 1 0 0
408 2 1 1 1 0 0 0 0 0
409 7 1 1 0 0 0 1 0 0
410 4 1 1 2 1 0 0 0 0
415 3 0 0 1 1 0 1 1 0
416 12 2 2 1 1 0 6 1 1
418 5 0 0 2 1 0 0 0 0
434 2 0 0 0 0 0 0 0 0
479 2 1 1 0 0 0 0 0 0
484 2 0 0 2 2 1 0 0 0
485 2 0 0 0 0 0 0 0 0
487 1 0 0 0 0 0 1 1 0
488 7 0 0 6 1 0 0 0 0
fl=/usr/src/debug/glibc-2.17-c758a686/malloc/hooks.c
fn=malloc_hook_ini
29 4 1 1 1 0 0 2 0 0
30 2 1 1 1 0 0 1 0 0
32 1 0 0 0 0 0 0 0 0
33 1 0 0 0 0 0 0 0 0
fl=/usr/src/debug/glibc-2.17-c758a686/malloc/malloc.c
fn=_int_free
1903 6 0 0 2 0 0 0 0 0
3809 20 1 1 0 0 0 12 0 0
3820 1 0 0 0 0 0 0 0 0
3822 6 0 0 2 0 0 0 0 0
3828 8 1 1 0 0 0 0 0 0
3829 4 0 0 0 0 0 0 0 0
3842 8 0 0 0 0 0 0 0 0
3855 4 0 0 2 0 0 0 0 0
3866 4 0 0 1 0 0 0 0 0
3867 3 1 1 1 0 0 0 0 0
3891 1 0 0 0 0 0 0 0 0
3893 3 0 0 2 0 0 0 0 0
3894 2 0 0 0 0 0 0 0 0
3895 2 1 1 0 0 0 0 0 0
3898 1 0 0 1 0 0 0 0 0
3899 3 0 0 0 0 0 0 0 0
3904 3 0 0 0 0 0 0 0 0
3913 2 0 0 0 0 0 0 0 0
3915 1 1 1 0 0 0 1 0 0
3917 6 0 0 2 0 0 0 0 0
3919 2 0 0 0 0 0 0 0 0
3930 2 1 1 0 0 0 0 0 0
3931 2 0 0 0 0 0 0 0 0
3940 6 1 1 2 0 0 0 0 0
3942 2 0 0 0 0 0 0 0 0
3945 1 0 0 0 0 0 0 0 0
3949 3 0 0 1 0 0 0 0 0
3955 4 1 1 1 0 0 0 0 0
3957 3 1 1 1 0 0 0 0 0
3963 3 0 0 1 1 0 0 0 0
3969 2 1 1 0 0 0 0 0 0
3970 2 0 0 0 0 0 0 0 0
3971 2 0 0 1 0 0 0 0 0
3980 2 0 0 1 0 0 0 0 0
3987 2 1 1 1 0 0 0 0 0
3992 2 1 1 1 1 0 0 0 0
3996 1 0 0 1 0 0 0 0 0
4004 1 0 0 0 0 0 0 0 0
4005 1 0 0 1 0 0 0 0 0
4006 2 0 0 1 0 0 0 0 0
4011 1 0 0 0 0 0 1 0 0
4012 1 0 0 0 0 0 1 0 0
4013 2 0 0 0 0 0 0 0 0
4018 1 1 1 0 0 0 1 0 0
4019 1 0 0 0 0 0 1 0 0
4021 3 0 0 0 0 0 1 0 0
4022 1 0 0 0 0 0 1 0 0
4052 2 0 0 0 0 0 0 0 0
4072 2 1 1 0 0 0 0 0 0
4074 4 0 0 2 0 0 0 0 0
4084 16 0 0 14 0 0 0 0 0
fn=_int_malloc
1896 102 1 1 22 0 0 0 0 0
3309 189 0 0 0 0 0 126 0 0
3339 168 1 1 0 0 0 0 0 0
3343 42 1 1 0 0 0 0 0 0
3357 42 0 0 21 1 1 0 0 0
3358 48 0 0 0 0 0 0 0 0
3359 48 0 0 0 0 0 0 0 0
3360 16 0 0 16 0 0 0 0 0
3364 32 0 0 0 0 0 0 0 0
3367 6 1 1 3 0 0 0 0 0
3368 3 0 0 0 0 0 0 0 0
3370 5 1 1 1 0 0 0 0 0
3394 40 1 1 0 0 0 0 0 0
3395 40 0 0 0 0 0 0 0 0
3396 40 0 0 0 0 0 0 0 0
3398 60 0 0 20 1 1 0 0 0
3399 2 0 0 0 0 0 0 0 0
3400 7 2 2 2 0 0 3 1 0
3434 1 1 1 0 0 0 0 0 0
3455 106 2 2 22 0 0 0 0 0
3456 4 0 0 4 0 0 0 0 0
3457 12 0 0 4 0 0 0 0 0
3458 8 0 0 4 0 0 0 0 0
3465 4 0 0 0 0 0 0 0 0
3475 16 0 0 0 0 0 0 0 0
3476 8 0 0 0 0 0 0 0 0
3477 10 1 1 4 0 0 0 0 0
3478 3 1 1 0 0 0 0 0 0
3481 2 0 0 0 0 0 0 0 0
3482 4 0 0 0 0 0 0 0 0
3483 4 0 0 0 0 0 4 0 0
3484 4 0 0 0 0 0 2 0 0
3485 4 0 0 0 0 0 4 0 0
3486 6 0 0 0 0 0 0 0 0
3492 16 1 1 0 0 0 2 0 0
3494 6 0 0 0 0 0 2 0 0
3495 2 0 0 0 0 0 2 0 0
3498 2 0 0 0 0 0 0 0 0
3504 2 1 1 0 0 0 2 0 0
3505 2 0 0 0 0 0 2 0 0
3509 4 0 0 0 0 0 0 0 0
3521 4 0 0 0 0 0 0 0 0
3522 6 0 0 0 0 0 0 0 0
3523 12 0 0 0 0 0 0 0 0
3524 4 0 0 2 0 0 0 0 0
3569 2 0 0 2 2 0 0 0 0
3570 2 0 0 0 0 0 2 0 0
3571 2 0 0 0 0 0 2 0 0
3572 2 0 0 0 0 0 2 1 0
3573 2 0 0 0 0 0 2 0 0
3576 4 0 0 0 0 0 0 0 0
3585 36 1 1 0 0 0 0 0 0
3655 18 0 0 0 0 0 0 0 0
3656 36 0 0 0 0 0 0 0 0
3657 36 0 0 0 0 0 0 0 0
3658 36 0 0 18 3 0 0 0 0
3659 36 0 0 0 0 0 0 0 0
3664 76 0 0 0 0 0 0 0 0
3666 139 1 1 0 0 0 0 0 0
3668 189 0 0 50 1 0 0 0 0
3670 1 0 0 0 0 0 0 0 0
3671 2 0 0 0 0 0 0 0 0
3675 16 1 1 0 0 0 0 0 0
3676 6 0 0 0 0 0 0 0 0
3677 6 0 0 0 0 0 0 0 0
3682 2 0 0 2 0 0 0 0 0
3685 4 0 0 0 0 0 0 0 0
3686 5 1 1 0 0 0 1 0 0
3687 1 0 0 0 0 0 0 0 0
3688 1 0 0 0 0 0 0 0 0
3692 3 0 0 1 0 0 0 0 0
3697 2 0 0 0 0 0 0 0 0
3700 11 1 1 4 0 0 2 0 0
3703 2 1 1 0 0 0 0 0 0
3711 1 0 0 0 0 0 0 0 0
3716 1 0 0 1 0 0 0 0 0
3717 2 1 1 1 0 0 0 0 0
3722 1 0 0 0 0 0 1 0 0
3723 1 0 0 0 0 0 1 0 0
3724 1 0 0 0 0 0 1 0 0
3725 1 0 0 0 0 0 1 0 0
3728 2 0 0 0 0 0 0 0 0
3729 1 0 0 0 0 0 1 0 0
3730 2 0 0 0 0 0 0 0 0
3735 8 0 0 0 0 0 1 0 0
3737 3 0 0 0 0 0 1 0 0
3738 2 0 0 0 0 0 1 0 0
3741 2 0 0 0 0 0 0 0 0
3743 2 0 0 0 0 0 0 0 0
3745 1 0 0 0 0 0 0 0 0
3763 17 1 1 17 0 0 0 0 0
3764 34 0 0 17 0 0 0 0 0
3766 51 0 0 0 0 0 0 0 0
3767 16 0 0 0 0 0 0 0 0
3768 32 1 1 0 0 0 0 0 0
3769 16 0 0 0 0 0 16 0 0
3770 128 0 0 0 0 0 16 0 0
3772 32 0 0 0 0 0 16 11 11
3775 16 0 0 0 0 0 0 0 0
3782 2 0 0 1 0 0 0 0 0
3786 80 1 1 0 0 0 20 0 0
3788 500 2 2 0 0 0 200 0 0
3795 5 1 1 0 0 0 2 0 0
3796 2 1 1 0 0 0 0 0 0
3801 168 2 2 147 0 0 0 0 0
5009 80 0 0 0 0 0 40 0 0
5011 60 0 0 20 0 0 20 0 0
fn=calloc
3177 10 1 1 0 0 0 10 0 0
3187 4 0 0 0 0 0 0 0 0
3190 10 1 1 0 0 0 0 0 0
3198 4 0 0 4 1 0 0 0 0
3199 4 0 0 0 0 0 0 0 0
3201 3 1 1 1 0 0 1 0 0
3202 2 0 0 0 0 0 0 0 0
3204 4 1 1 0 0 0 0 0 0
3209 12 1 1 5 0 0 0 0 0
3216 1 0 0 1 0 0 0 0 0
3217 2 0 0 1 0 0 0 0 0
3224 3 0 0 0 0 0 0 0 0
3233 4 1 1 0 0 0 1 0 0
3239 2 0 0 0 0 0 0 0 0
3246 4 0 0 2 0 0 0 0 0
3249 2 1 1 0 0 0 0 0 0
3252 1 0 0 0 0 0 0 0 0
3255 3 0 0 1 0 0 0 0 0
3262 1 0 0 0 0 0 0 0 0
3265 8 2 2 1 0 0 0 0 0
3275 1 0 0 0 0 0 0 0 0
3276 2 0 0 0 0 0 0 0 0
3279 2 1 1 0 0 0 0 0 0
3283 1 0 0 0 0 0 1 0 0
3284 1 0 0 0 0 0 1 0 0
3285 2 0 0 0 0 0 1 0 0
3286 2 0 0 0 0 0 0 0 0
3301 11 0 0 11 1 0 0 0 0
fn=free
2918 4 1 1 4 0 0 0 0 0
2919 4 1 1 0 0 0 0 0 0
2924 4 0 0 0 0 0 0 0 0
2927 2 0 0 0 0 0 0 0 0
2929 6 0 0 2 0 0 0 0 0
2945 6 0 0 0 0 0 0 0 0
2946 6 0 0 0 0 0 0 0 0
fn=malloc
2882 80 1 1 0 0 0 40 0 0
2887 40 1 1 40 2 0 0 0 0
2888 40 0 0 0 0 0 0 0 0
2891 260 2 2 100 2 0 0 0 0
2893 80 0 0 0 0 0 20 0 0
2896 80 0 0 0 0 0 0 0 0
2902 40 0 0 0 0 0 0 0 0
2903 80 0 0 40 0 0 0 0 0
2908 100 0 0 60 0 0 0 0 0
fn=malloc_consolidate
1823 254 0 0 0 0 0 0 0 0
1825 381 0 0 0 0 0 254 31 31
1829 3 0 0 0 0 0 0 0 0
1833 3 1 1 1 0 0 1 0 0
1834 2 0 0 0 0 0 1 0 0
1836 1 0 0 0 0 0 1 1 1
4101 8 2 2 0 0 0 6 1 0
4123 5 0 0 1 0 0 0 0 0
4196 9 1 1 7 0 0 0 0 0
fn=sysmalloc
2274 9 1 1 0 0 0 6 0 0
2295 3 1 1 2 2 0 0 0 0
2306 2 0 0 0 0 0 0 0 0
2307 3 0 0 1 1 1 1 1 0
2386 1 0 0 1 0 0 0 0 0
2387 2 0 0 1 0 0 0 0 0
2388 1 0 0 0 0 0 0 0 0
2406 3 0 0 0 0 0 0 0 0
2457 7 2 2 2 0 0 0 0 0
2476 5 0 0 0 0 0 0 0 0
2484 2 0 0 0 0 0 0 0 0
2485 7 1 1 2 1 0 4 0 0
2486 2 0 0 1 0 0 0 0 0
2489 4 1 1 2 0 0 0 0 0
2491 2 0 0 2 1 1 0 0 0
2492 2 0 0 0 0 0 0 0 0
2510 2 0 0 0 0 0 0 0 0
2535 2 0 0 1 1 1 0 0 0
2536 5 1 1 0 0 0 2 0 0
2537 3 1 1 1 0 0 1 0 0
2543 2 0 0 0 0 0 0 0 0
2546 8 2 2 1 0 0 0 0 0
2588 3 0 0 0 0 0 0 0 0
2607 1 0 0 0 0 0 0 0 0
2610 2 1 1 0 0 0 0 0 0
2611 5 0 0 0 0 0 1 0 0
2614 3 0 0 2 0 0 1 0 0
2626 3 0 0 1 0 0 0 0 0
2631 2 0 0 2 0 0 0 0 0
2632 4 1 1 2 0 0 0 0 0
2666 1 0 0 0 0 0 1 0 0
2667 4 0 0 0 0 0 1 1 1
2668 3 0 0 0 0 0 1 0 0
2679 2 0 0 0 0 0 0 0 0
2712 2 1 1 1 0 0 0 0 0
2713 2 1 1 0 0 0 1 0 0
2718 2 0 0 1 0 0 0 0 0
2721 3 0 0 0 0 0 0 0 0
2722 1 0 0 0 0 0 0 0 0
2723 1 0 0 0 0 0 0 0 0
2724 1 0 0 0 0 0 1 0 0
2725 7 0 0 0 0 0 1 0 0
2726 2 0 0 0 0 0 1 0 0
2728 1 0 0 0 0 0 0 0 0
2734 8 0 0 7 0 0 0 0 0
fl=/usr/src/debug/glibc-2.17-c758a686/malloc/morecore.c
fn=__default_morecore
47 2 1 1 0 0 0 0 0 0
48 2 0 0 0 0 0 2 0 0
50 6 0 0 0 0 0 0 0 0
52 6 0 0 2 0 0 0 0 0
fl=/usr/src/debug/glibc-2.17-c758a686/math/../sysdeps/x86_64/fpu/multiarch/e_asin.c
fn=__acos_finite
10 5 2 2 3 0 0 0 0 0
fn=__asin_finite
16 5 0 0 3 0 0 0 0 0
fl=/usr/src/debug/glibc-2.17-c758a686/math/../sysdeps/x86_64/fpu/multiarch/e_exp.c
fn=__exp_finite
15 8 2 2 3 0 0 0 0 0
fl=/usr/src/debug/glibc-2.17-c758a686/math/../sysdeps/x86_64/fpu/multiarch/e_pow.c
fn=__pow_finite
8 5 1 1 3 0 0 0 0 0
fl=/usr/src/debug/glibc-2.17-c758a686/math/../sysdeps/x86_64/fpu/multiarch/s_sin.c
fn=cos
20 8 1 1 3 0 0 0 0 0
fl=/usr/src/debug/glibc-2.17-c758a686/misc/../sysdeps/unix/sysv/linux/wordsize-64/mmap.c
fn=mmap
32 130 3 3 0 0 0 78 2 2
33 76 2 2 3 0 0 0 0 0
34 130 0 0 0 0 0 0 0 0
36 91 0 0 91 0 0 0 0 0
fl=/usr/src/debug/glibc-2.17-c758a686/misc/../sysdeps/unix/sysv/linux/x86_64/brk.c
fn=brk
28 3 0 0 0 0 0 0 0 0
31 24 2 2 3 0 0 3 0 0
33 6 0 0 0 0 0 0 0 0
39 3 0 0 0 0 0 0 0 0
40 3 0 0 3 0 0 0 0 0
fl=/usr/src/debug/glibc-2.17-c758a686/misc/init-misc.c
fn=__init_misc
30 4 1 1 0 0 0 2 0 0
31 5 0 0 1 0 0 0 0 0
33 3 0 0 0 0 0 1 0 0
37 5 0 0 1 1 0 1 1 0
38 3 1 1 2 0 0 1 0 0
40 4 0 0 3 0 0 0 0 0
fl=/usr/src/debug/glibc-2.17-c758a686/misc/sbrk.c
fn=sbrk
34 8 1 1 0 0 0 6 1 0
42 11 0 0 5 3 1 0 0 0
43 12 1 1 2 0 0 2 0 0
46 4 0 0 0 0 0 0 0 0
50 4 0 0 0 0 0 0 0 0
53 3 0 0 0 0 0 1 0 0
57 10 0 0 8 0 0 0 0 0
fl=/usr/src/debug/glibc-2.17-c758a686/nptl/../nptl/sysdeps/unix/sysv/linux/register-atfork.c
fn=__linkin_atfork
116 2 1 1 1 1 1 1 0 0
117 6 1 1 2 1 0 0 0 0
119 1 0 0 1 0 0 0 0 0
fl=/usr/src/debug/glibc-2.17-c758a686/setjmp/sigjmp.c
fn=__sigjmp_save
28 2 0 0 0 0 0 1 0 0
29 4 0 0 0 0 0 1 0 0
34 3 0 0 2 0 0 0 0 0
fl=/usr/src/debug/glibc-2.17-c758a686/stdlib/bsearch.c
fn=bsearch
26 96 1 1 0 0 0 64 0 0
31 8 0 0 0 0 0 0 0 0
33 124 0 0 0 0 0 0 0 0
35 108 1 1 0 0 0 0 0 0
36 162 0 0 54 0 0 0 0 0
37 162 0 0 54 0 0 54 0 0
38 108 0 0 0 0 0 0 0 0
39 46 0 0 0 0 0 0 0 0
40 8 0 0 0 0 0 0 0 0
41 8 0 0 0 0 0 0 0 0
46 8 0 0 0 0 0 0 0 0
47 64 1 1 56 0 0 0 0 0
fl=/usr/src/debug/glibc-2.17-c758a686/stdlib/cxa_atexit.c
fn=__cxa_atexit
34 2 0 0 0 0 0 1 0 0
36 2 0 0 0 0 0 0 0 0
40 3 1 1 1 0 0 0 0 0
42 1 0 0 0 0 0 1 0 0
43 1 0 0 0 0 0 1 0 0
44 1 0 0 0 0 0 1 0 0
46 1 0 0 0 0 0 1 0 0
47 1 0 0 0 0 0 0 0 0
56 6 1 1 0 0 0 3 0 0
58 4 0 0 4 0 0 0 0 0
fn=__new_exitfn
72 4 1 1 0 0 0 2 0 0
73 2 0 0 0 0 0 0 0 0
78 6 1 1 2 2 2 0 0 0
80 7 1 1 2 1 0 0 0 0
82 3 1 1 1 1 0 0 0 0
90 1 0 0 0 0 0 1 0 0
97 2 1 1 0 0 0 0 0 0
111 1 0 0 0 0 0 0 0 0
112 2 0 0 0 0 0 1 0 0
125 1 1 1 0 0 0 1 0 0
126 1 0 0 1 1 1 0 0 0
129 4 0 0 2 0 0 0 0 0
132 5 0 0 3 0 0 0 0 0
fl=/usr/src/debug/glibc-2.17-c758a686/string/../string/memcmp.c
fn=bcmp
109 10 0 0 10 0 0 0 0 0
110 20 0 0 10 0 0 0 0 0
114 22 0 0 0 0 0 0 0 0
115 6 1 1 0 0 0 0 0 0
133 14 1 1 0 0 0 0 0 0
137 2 1 1 2 0 0 0 0 0
138 2 0 0 2 0 0 0 0 0
139 2 0 0 0 0 0 0 0 0
140 2 0 0 0 0 0 0 0 0
141 2 0 0 0 0 0 0 0 0
187 2 0 0 2 0 0 0 0 0
188 2 0 0 2 0 0 0 0 0
189 16 0 0 0 0 0 4 0 0
225 3 0 0 0 0 0 0 0 0
226 6 0 0 0 0 0 0 0 0
230 6 0 0 0 0 0 0 0 0
232 21 1 1 0 0 0 0 0 0
236 3 0 0 3 0 0 0 0 0
237 3 0 0 3 0 0 0 0 0
238 3 1 1 3 0 0 0 0 0
239 3 0 0 0 0 0 0 0 0
240 3 0 0 0 0 0 0 0 0
241 3 0 0 0 0 0 0 0 0
293 3 0 0 3 1 1 0 0 0
294 3 0 0 3 0 0 0 0 0
295 18 1 1 0 0 0 0 0 0
296 6 0 0 0 0 0 0 0 0
303 6 1 1 0 0 0 0 0 0
308 18 1 1 0 0 0 0 0 0
309 6 0 0 0 0 0 0 0 0
319 119 1 1 0 0 0 102 2 2
322 17 0 0 0 0 0 0 0 0
323 17 0 0 0 0 0 0 0 0
326 34 0 0 0 0 0 0 0 0
330 18 0 0 0 0 0 0 0 0
332 1 0 0 1 1 1 0 0 0
333 1 0 0 1 0 0 0 0 0
334 1 0 0 0 0 0 0 0 0
335 1 0 0 0 0 0 0 0 0
337 2 0 0 0 0 0 0 0 0
339 1 1 1 0 0 0 0 0 0
346 15 0 0 0 0 0 0 0 0
347 10 0 0 0 0 0 0 0 0
350 4 0 0 0 0 0 0 0 0
354 9 0 0 0 0 0 0 0 0
355 3 0 0 0 0 0 0 0 0
356 3 0 0 0 0 0 0 0 0
360 214 2 2 0 0 0 0 0 0
362 95 0 0 95 1 1 0 0 0
363 95 0 0 95 9 9 0 0 0
364 95 0 0 0 0 0 0 0 0
367 308 0 0 0 0 0 0 0 0
372 12 0 0 0 0 0 0 0 0
373 136 0 0 119 0 0 0 0 0
fl=/usr/src/debug/glibc-2.17-c758a686/string/../string/strstr.c
fn=__GI_strstr
53 8 1 1 0 0 0 6 0 0
58 2 0 0 0 0 0 0 0 0
63 4 1 1 1 0 0 0 0 0
65 2 1 1 1 1 1 0 0 0
66 1 1 1 0 0 0 0 0 0
89 8 0 0 7 0 0 0 0 0
fl=/usr/src/debug/glibc-2.17-c758a686/string/../sysdeps/x86_64/cacheinfo.c
fn=handle_intel.isra.0
262 16 1 1 0 0 0 12 0 0
269 6 0 0 0 0 0 2 0 0
271 2 0 0 0 0 0 2 0 0
272 4 1 1 0 0 0 2 0 0
274 2 0 0 0 0 0 0 0 0
280 8 1 1 0 0 0 2 0 0
285 4 0 0 0 0 0 0 0 0
287 6 0 0 0 0 0 2 0 0
288 2 0 0 0 0 0 0 0 0
292 10 0 0 0 0 0 2 0 0
293 4 0 0 0 0 0 0 0 0
296 10 0 0 0 0 0 2 0 0
297 4 0 0 0 0 0 0 0 0
314 16 1 1 14 0 0 0 0 0
fn=init_cacheinfo
478 5 1 1 0 0 0 5 0 0
490 4 0 0 2 0 0 0 0 0
492 3 1 1 0 0 0 1 0 0
495 1 0 0 0 0 0 0 0 0
496 3 0 0 0 0 0 1 0 0
498 2 1 1 0 0 0 0 0 0
507 3 0 0 1 0 0 0 0 0
509 1 0 0 1 0 0 0 0 0
510 1 0 0 1 0 0 0 0 0
512 1 0 0 0 0 0 0 0 0
517 21 1 1 0 0 0 0 0 0
523 8 0 0 0 0 0 0 0 0
526 16 0 0 0 0 0 0 0 0
528 1 1 1 0 0 0 0 0 0
534 5 0 0 0 0 0 0 0 0
541 9 1 1 0 0 0 0 0 0
543 2 0 0 0 0 0 0 0 0
545 8 0 0 0 0 0 0 0 0
547 4 0 0 0 0 0 0 0 0
552 1 1 1 0 0 0 0 0 0
554 4 0 0 0 0 0 0 0 0
555 2 0 0 0 0 0 0 0 0
556 1 0 0 0 0 0 0 0 0
560 2 0 0 0 0 0 0 0 0
561 4 0 0 0 0 0 0 0 0
592 4 0 0 0 0 0 0 0 0
593 6 0 0 0 0 0 0 0 0
648 2 1 1 0 0 0 0 0 0
650 3 0 0 0 0 0 1 0 0
651 1 0 0 0 0 0 1 1 1
653 1 0 0 0 0 0 0 0 0
654 3 1 1 0 0 0 1 0 0
655 1 0 0 0 0 0 1 0 0
658 2 0 0 0 0 0 0 0 0
660 3 0 0 0 0 0 1 0 0
661 1 0 0 0 0 0 1 1 1
663 1 0 0 0 0 0 0 0 0
664 3 0 0 0 0 0 1 0 0
665 1 0 0 0 0 0 1 0 0
667 6 0 0 6 0 0 0 0 0
fn=intel_02_known_compare
121 162 1 1 108 6 6 0 0 0
124 162 0 0 54 0 0 0 0 0
fn=intel_check_word
132 32 1 1 0 0 0 24 0 0
133 12 0 0 0 0 0 0 0 0
135 2 0 0 0 0 0 0 0 0
139 36 1 1 0 0 0 0 0 0
141 24 0 0 0 0 0 0 0 0
143 10 1 1 0 0 0 0 0 0
145 20 0 0 0 0 0 0 0 0
153 20 0 0 0 0 0 0 0 0
165 39 0 0 0 0 0 0 0 0
170 16 1 1 0 0 0 0 0 0
174 10 2 2 0 0 0 0 0 0
176 4 0 0 0 0 0 0 0 0
181 9 0 0 0 0 0 0 0 0
184 2 0 0 0 0 0 0 0 0
186 4 1 1 0 0 0 0 0 0
188 10 0 0 0 0 0 0 0 0
189 8 0 0 0 0 0 0 0 0
190 8 1 1 0 0 0 0 0 0
191 2 0 0 0 0 0 0 0 0
199 3 0 0 0 0 0 0 0 0
206 16 0 0 0 0 0 0 0 0
228 8 0 0 0 0 0 8 1 0
229 56 1 1 0 0 0 8 0 0
231 16 0 0 0 0 0 0 0 0
253 8 0 0 0 0 0 0 0 0
258 32 1 1 28 0 0 0 0 0
fl=/usr/src/debug/glibc-2.17-c758a686/string/strdup.c
fn=strdup
40 8 1 1 0 0 0 4 0 0
41 4 0 0 0 0 0 2 0 0
42 4 0 0 0 0 0 2 0 0
44 4 0 0 0 0 0 0 0 0
47 8 0 0 0 0 0 0 0 0
48 6 0 0 4 0 0 0 0 0
fl=/usr/src/debug/glibc-2.17-c758a686/time/../sysdeps/unix/sysv/linux/x86_64/gettimeofday.c
fn=gettimeofday
30 1 0 0 0 0 0 0 0 0
31 5 1 1 0 0 0 4 0 0
34 3 0 0 0 0 0 1 0 0
35 3 0 0 0 0 0 0 0 0
36 3 0 0 1 0 0 0 0 0
fl=/usr/src/debug/glibc-2.17-c758a686/time/../sysdeps/unix/sysv/linux/x86_64/time.c
fn=time
36 1 1 1 0 0 0 0 0 0
37 5 0 0 0 0 0 4 0 0
40 6 1 1 0 0 0 1 0 0
41 3 0 0 1 0 0 0 0 0
fl=/usr/sup/src/cii40/src/mem.c
fn=Mem_alloc
8 16 1 1 2 0 0 8 0 0
11 8 1 1 2 0 0 4 0 0
12 4 0 0 2 0 0 0 0 0
19 2 0 0 2 0 0 0 0 0
20 4 0 0 4 0 0 0 0 0
fn=Mem_calloc
22 22 2 2 4 0 0 10 0 0
26 12 1 1 4 0 0 4 1 0
27 4 0 0 2 0 0 0 0 0
34 2 1 1 2 0 0 0 0 0
35 4 0 0 4 0 0 0 0 0
fl=/usr/sup/src/cii40/src/memcmp.c
fn=memcmp
8 15 1 1 0 0 0 12 0 0
9 12 0 0 6 0 0 6 0 0
11 102 1 1 54 0 0 0 0 0
12 72 0 0 48 0 0 0 0 0
14 3 0 0 0 0 0 0 0 0
15 6 0 0 6 0 0 0 0 0
fl=/usr/sup/src/cii40/src/seq.c
fn=Seq_addhi
89 80 1 1 10 0 0 40 0 0
92 60 1 1 40 1 0 0 0 0
94 60 0 0 30 0 0 20 0 0
95 70 1 1 30 0 0 0 0 0
96 110 0 0 60 0 0 10 1 1
97 40 0 0 30 0 0 0 0 0
fn=Seq_get
54 22 2 2 4 0 0 8 0 0
56 8 0 0 6 1 0 0 0 0
57 14 1 1 6 0 0 0 0 0
58 18 0 0 10 0 0 0 0 0
59 8 0 0 6 0 0 0 0 0
fn=Seq_length
50 12 2 2 2 0 0 4 0 0
52 4 0 0 4 1 0 0 0 0
53 4 0 0 4 0 0 0 0 0
fn=Seq_new
26 14 1 1 2 0 0 6 0 0
29 12 1 1 0 0 0 4 0 0
30 4 0 0 2 0 0 0 0 0
31 2 0 0 0 0 0 2 0 0
32 24 1 1 4 0 0 4 0 0
33 6 0 0 2 0 0 0 0 0
34 2 0 0 2 0 0 0 0 0
35 8 0 0 6 1 0 0 0 0
fl=/usr/sup/src/cii40/src/uarray.c
fn=UArrayRep_init
18 26 3 3 6 0 0 10 0 0
20 4 0 0 2 0 0 0 0 0
22 6 0 0 4 0 0 2 0 0
23 6 0 0 4 0 0 2 0 0
24 4 1 1 2 0 0 0 0 0
25 8 0 0 4 0 0 2 0 0
28 4 0 0 4 0 0 0 0 0
fl=???
fn=???
0 263 27 24 168 12 0 25 1 1
fn=__atan2_finite
0 8 2 2 3 0 0 0 0 0
fn=__libc_csu_init
0 34 3 3 8 1 0 8 0 0
fn=__log_finite
0 8 1 1 3 0 0 0 0 0
fn=_dl_debug_initialize
0 5 1 1 4 0 0 0 0 0
fn=memcpy@GLIBC_2.2.5
0 15 1 1 4 1 0 0 0 0
fn=sin
0 8 1 1 3 0 0 0 0 0
summary: 249373 993 983 68530 3067 2031 26193 629 549
